trialNum matrixIndex leftValue leftTime rightValue rightTime choice
  0  322 180.00  0.00 800.00 260.00  1
  1  935 520.00  0.00 800.00 520.00  0
  2  682 380.00  0.00 800.00 260.00  0
  3  681 380.00  0.00 800.00 156.00  1
  4  771 430.00  0.00 800.00 156.00  1
  5  700 390.00  0.00 800.00 260.00  1
  6  629 350.00  0.00 800.00 520.00  0
  7  682 380.00  0.00 800.00 260.00  1
  8  826 460.00  0.00 800.00 260.00  0
  9  682 370.00  0.00 800.00 520.00  0
 10  682 370.00  0.00 800.00 156.00  1
 11  682 370.00  0.00 800.00 156.00  1
 12  682 360.00  0.00 800.00 156.00  1
 13  682 380.00  0.00 800.00 520.00  1
 14  737 410.00  0.00 800.00 520.00  0
 15  755 420.00  0.00 800.00 520.00  0
 16  808 450.00  0.00 800.00 260.00  0
 17  826 460.00  0.00 800.00 260.00  0
 18  628 350.00  0.00 800.00 260.00  1
 19  610 340.00  0.00 800.00 260.00  1
 20  844 470.00  0.00 800.00 260.00  0
 21  844 490.00  0.00 800.00 156.00  1
 22  844 490.00  0.00 800.00 156.00  1
 23  826 460.00  0.00 800.00 260.00  0
 24  844 450.00  0.00 800.00 520.00  0
 25  844 470.00  0.00 800.00 156.00  1
 26  826 460.00  0.00 800.00 260.00  1
 27  808 450.00  0.00 800.00 260.00  0
 28  826 470.00  0.00 800.00 156.00  1
 29  826 440.00  0.00 800.00 156.00  1
 30  826 480.00  0.00 800.00 156.00  1
 31  808 450.00  0.00 800.00 260.00  1
 32  790 440.00  0.00 800.00 260.00  1
 33  772 430.00  0.00 800.00 260.00  1
 34  754 420.00  0.00 800.00 260.00  1
 35  736 410.00  0.00 800.00 260.00  1
 36  736 410.00  0.00 800.00 156.00  1
 37  736 430.00  0.00 800.00 520.00  0
 38  736 410.00  0.00 800.00 520.00  0
 39  736 420.00  0.00 800.00 520.00  0
 40  736 410.00  0.00 800.00 520.00  0
 41  736 420.00  0.00 800.00 520.00  0
