trialNum matrixIndex leftValue leftTime rightValue rightTime choice
  0   51  30.00  0.00 800.00 156.00  1
  1  647 360.00  0.00 800.00 520.00  0
  2  769 430.00  0.00 800.00 52.00  0
  3  714 400.00  0.00 800.00 26.00  0
  4  765 430.00  0.00 800.00 12.90  1
  5  766 430.00  0.00 800.00 17.20  0
  6  658 370.00  0.00 800.00 17.20  1
  7  695 390.00  0.00 800.00 21.50  0
  8  658 360.00  0.00 800.00 21.50  0
  9  658 370.00  0.00 800.00 12.90  1
 10  658 380.00  0.00 800.00 21.50  0
 11  658 380.00  0.00 800.00 12.90  1
 12  765 430.00  0.00 800.00 12.90  0
 13  765 440.00  0.00 800.00 10.80  1
 14  658 370.00  0.00 800.00 17.20  1
 15  658 350.00  0.00 800.00 12.90  1
 16  658 350.00  0.00 800.00 12.90  1
 17  658 390.00  0.00 800.00 12.90  1
 18  658 390.00  0.00 800.00 12.90  1
 19  658 370.00  0.00 800.00 21.50  0
 20  658 350.00  0.00 800.00 21.50  0
 21  658 370.00  0.00 800.00 21.50  0
 22  658 370.00  0.00 800.00 12.90  1
 23  658 380.00  0.00 800.00 12.90  1
 24  658 360.00  0.00 800.00 21.50  0
 25  658 360.00  0.00 800.00 21.50  0
 26  658 370.00  0.00 800.00 21.50  0
 27  765 430.00  0.00 800.00 12.90  1
 28  658 380.00  0.00 800.00 12.90  1
 29  658 370.00  0.00 800.00 21.50  0
 30  658 370.00  0.00 800.00 12.90  1
 31  658 370.00  0.00 800.00 21.50  0
 32  658 380.00  0.00 800.00 12.90  1
 33  658 350.00  0.00 800.00 21.50  0
 34  658 380.00  0.00 800.00 12.90  1
 35  658 370.00  0.00 800.00 21.50  0
 36  658 370.00  0.00 800.00 12.90  1
 37  658 390.00  0.00 800.00 21.50  0
 38  658 360.00  0.00 800.00 21.50  0
 39  765 430.00  0.00 800.00 12.90  1
 40  658 370.00  0.00 800.00 21.50  0
 41  658 350.00  0.00 800.00 21.50  0
