trialNum matrixIndex leftValue leftTime rightValue rightTime choice
  0   73  50.00  0.00 800.00  0.71  1
  1  790 440.00  0.00 800.00 260.00  0
  2  661 370.00  0.00 800.00 52.00  1
  3  716 400.00  0.00 800.00 104.00  0
  4  769 430.00  0.00 800.00 52.00  0
  5  661 370.00  0.00 800.00 52.00  1
  6  769 450.00  0.00 800.00 104.00  0
  7  769 430.00  0.00 800.00 104.00  0
  8  769 420.00  0.00 800.00 104.00  0
  9  769 440.00  0.00 800.00 104.00  0
 10  769 440.00  0.00 800.00 26.00  1
 11  769 450.00  0.00 800.00 104.00  0
 12  769 430.00  0.00 800.00 26.00  1
 13  769 430.00  0.00 800.00 104.00  0
 14  769 440.00  0.00 800.00 104.00  0
 15  769 420.00  0.00 800.00 26.00  1
 16  769 440.00  0.00 800.00 104.00  0
 17  769 420.00  0.00 800.00 104.00  0
 18  769 410.00  0.00 800.00 104.00  0
 19  769 410.00  0.00 800.00 26.00  1
 20  769 430.00  0.00 800.00 104.00  0
 21  769 410.00  0.00 800.00 104.00  0
 22  769 420.00  0.00 800.00 104.00  0
 23  769 440.00  0.00 800.00 104.00  0
 24  769 450.00  0.00 800.00 104.00  0
 25  769 410.00  0.00 800.00 104.00  0
 26  769 440.00  0.00 800.00 104.00  0
 27  769 430.00  0.00 800.00 104.00  0
 28  769 450.00  0.00 800.00 104.00  0
 29  769 450.00  0.00 800.00 104.00  0
 30  769 430.00  0.00 800.00 26.00  1
 31  769 410.00  0.00 800.00 104.00  0
 32  769 420.00  0.00 800.00 104.00  0
 33  769 420.00  0.00 800.00 26.00  1
 34  769 430.00  0.00 800.00 104.00  0
 35  769 450.00  0.00 800.00 104.00  0
 36  769 440.00  0.00 800.00 26.00  1
 37  769 440.00  0.00 800.00 26.00  1
 38  769 420.00  0.00 800.00 104.00  0
 39  769 440.00  0.00 800.00 26.00  1
 40  769 420.00  0.00 800.00 104.00  0
 41  769 450.00  0.00 800.00 26.00  1
