trialNum matrixIndex leftValue leftTime rightValue rightTime choice
  0  358 200.00  0.00 800.00 260.00  0
  1  714 400.00  0.00 800.00 26.00  1
  2  679 380.00  0.00 800.00 52.00  1
  3  769 430.00  0.00 800.00 52.00  1
  4  626 350.00  0.00 800.00 104.00  0
  5  751 420.00  0.00 800.00 52.00  1
  6  626 330.00  0.00 800.00 52.00  1
  7  626 330.00  0.00 800.00 156.00  0
  8  626 330.00  0.00 800.00 156.00  0
  9  626 340.00  0.00 800.00 52.00  1
 10  626 350.00  0.00 800.00 156.00  0
 11  626 330.00  0.00 800.00 156.00  0
 12  626 370.00  0.00 800.00 156.00  0
 13  626 360.00  0.00 800.00 52.00  1
 14  626 340.00  0.00 800.00 52.00  1
 15  626 330.00  0.00 800.00 156.00  0
 16  626 370.00  0.00 800.00 52.00  1
 17  626 350.00  0.00 800.00 52.00  1
 18  626 350.00  0.00 800.00 52.00  1
 19  626 350.00  0.00 800.00 52.00  1
 20  626 340.00  0.00 800.00 156.00  0
 21  626 330.00  0.00 800.00 52.00  0
 22  769 430.00  0.00 800.00 52.00  1
 23  751 420.00  0.00 800.00 52.00  1
 24  733 410.00  0.00 800.00 52.00  1
 25  680 380.00  0.00 800.00 104.00  0
 26  680 400.00  0.00 800.00 156.00  0
 27  733 410.00  0.00 800.00 52.00  1
 28  662 370.00  0.00 800.00 104.00  0
 29  733 400.00  0.00 800.00 104.00  0
 30  733 420.00  0.00 800.00 104.00  0
 31  733 420.00  0.00 800.00 26.00  1
 32  733 390.00  0.00 800.00 26.00  1
 33  715 400.00  0.00 800.00 52.00  1
 34  715 400.00  0.00 800.00 104.00  0
 35  715 380.00  0.00 800.00 104.00  0
 36  715 400.00  0.00 800.00 26.00  1
 37  733 410.00  0.00 800.00 52.00  1
 38  662 370.00  0.00 800.00 104.00  0
 39  715 400.00  0.00 800.00 52.00  1
 40  715 390.00  0.00 800.00 26.00  1
 41  733 410.00  0.00 800.00 52.00  0
