trialNum matrixIndex leftValue leftTime rightValue rightTime choice
  0  899 500.00  0.00 800.00 520.00  0
  1  716 400.00  0.00 800.00 104.00  0
  2  714 400.00  0.00 800.00 26.00  1
  3  679 380.00  0.00 800.00 52.00  1
  4  608 340.00  0.00 800.00 104.00  1
  5  608 330.00  0.00 800.00 156.00  1
  6  735 410.00  0.00 800.00 156.00  0
  7  716 400.00  0.00 800.00 104.00  0
  8  734 410.00  0.00 800.00 104.00  0
  9  572 320.00  0.00 800.00 104.00  1
 10  752 420.00  0.00 800.00 104.00  0
 11  572 340.00  0.00 800.00 52.00  1
 12  752 400.00  0.00 800.00 156.00  0
 13  590 330.00  0.00 800.00 104.00  1
 14  734 410.00  0.00 800.00 104.00  0
 15  590 330.00  0.00 800.00 52.00  1
 16  590 350.00  0.00 800.00 52.00  1
 17  608 340.00  0.00 800.00 104.00  1
 18  734 410.00  0.00 800.00 104.00  0
 19  734 430.00  0.00 800.00 156.00  0
 20  608 340.00  0.00 800.00 104.00  1
 21  734 400.00  0.00 800.00 52.00  0
 22  554 310.00  0.00 800.00 104.00  1
 23  536 300.00  0.00 800.00 104.00  1
 24  554 300.00  0.00 800.00 156.00  1
 25  806 450.00  0.00 800.00 104.00  0
 26  536 300.00  0.00 800.00 104.00  1
 27  788 440.00  0.00 800.00 104.00  0
 28  536 280.00  0.00 800.00 156.00  1
 29  788 420.00  0.00 800.00 156.00  0
 30  788 460.00  0.00 800.00 156.00  0
 31  788 430.00  0.00 800.00 156.00  0
 32  788 450.00  0.00 800.00 156.00  0
 33  554 310.00  0.00 800.00 104.00  1
 34  554 310.00  0.00 800.00 52.00  1
 35  788 440.00  0.00 800.00 104.00  0
 36  788 460.00  0.00 800.00 52.00  0
 37  536 300.00  0.00 800.00 104.00  1
 38  536 290.00  0.00 800.00 156.00  1
 39  788 440.00  0.00 800.00 104.00  0
 40  536 320.00  0.00 800.00 52.00  1
 41  536 320.00  0.00 800.00 52.00  1
