trialNum matrixIndex leftValue leftTime rightValue rightTime choice
  0   27  20.00  0.00 800.00 12.90  1
  1  772 430.00  0.00 800.00 260.00  0
  2  769 430.00  0.00 800.00 52.00  1
  3  663 370.00  0.00 800.00 156.00  0
  4  626 350.00  0.00 800.00 104.00  0
  5  751 420.00  0.00 800.00 52.00  1
  6  626 370.00  0.00 800.00 52.00  1
  7  626 330.00  0.00 800.00 156.00  0
  8  626 370.00  0.00 800.00 52.00  0
  9  463 260.00  0.00 800.00 52.00  1
 10  716 400.00  0.00 800.00 104.00  0
 11  571 320.00  0.00 800.00 52.00  1
 12  769 430.00  0.00 800.00 52.00  0
 13  805 450.00  0.00 800.00 52.00  0
 14  589 330.00  0.00 800.00 52.00  1
 15  805 430.00  0.00 800.00 26.00  1
 16  805 450.00  0.00 800.00 26.00  1
 17  805 430.00  0.00 800.00 104.00  0
 18  805 450.00  0.00 800.00 26.00  1
 19  805 460.00  0.00 800.00 104.00  0
 20  787 440.00  0.00 800.00 52.00  0
 21  805 450.00  0.00 800.00 26.00  1
 22  805 450.00  0.00 800.00 26.00  1
 23  805 470.00  0.00 800.00 104.00  0
 24  805 430.00  0.00 800.00 104.00  0
 25  805 430.00  0.00 800.00 26.00  1
 26  805 450.00  0.00 800.00 104.00  0
 27  805 430.00  0.00 800.00 26.00  1
 28  805 440.00  0.00 800.00 104.00  0
 29  805 440.00  0.00 800.00 104.00  0
 30  805 450.00  0.00 800.00 26.00  1
 31  805 450.00  0.00 800.00 104.00  0
 32  787 440.00  0.00 800.00 52.00  0
 33  805 470.00  0.00 800.00 26.00  1
 34  805 440.00  0.00 800.00 26.00  1
 35  805 440.00  0.00 800.00 26.00  1
 36  805 470.00  0.00 800.00 26.00  1
 37  805 440.00  0.00 800.00 26.00  1
 38  805 460.00  0.00 800.00 104.00  0
 39  805 460.00  0.00 800.00 104.00  0
 40  805 440.00  0.00 800.00 26.00  1
 41  805 450.00  0.00 800.00 104.00  0
