trialNum matrixIndex leftValue leftTime rightValue rightTime choice
  0   62  40.00  0.00 800.00 10.80  1
  1  790 440.00  0.00 800.00 260.00  0
  2  769 430.00  0.00 800.00 52.00  0
  3  695 390.00  0.00 800.00 21.50  1
  4  822 460.00  0.00 800.00 26.00  0
  5  714 400.00  0.00 800.00 26.00  0
  6  677 380.00  0.00 800.00 21.50  0
  7  766 430.00  0.00 800.00 17.20  0
  8  729 410.00  0.00 800.00 12.90  1
  9  784 440.00  0.00 800.00 17.20  1
 10  677 380.00  0.00 800.00 21.50  1
 11  641 360.00  0.00 800.00 21.50  1
 12  659 370.00  0.00 800.00 21.50  1
 13  786 440.00  0.00 800.00 26.00  0
 14  641 360.00  0.00 800.00 21.50  1
 15  786 440.00  0.00 800.00 52.00  0
 16  641 340.00  0.00 800.00 17.20  1
 17  730 410.00  0.00 800.00 17.20  1
 18  768 430.00  0.00 800.00 26.00  0
 19  730 420.00  0.00 800.00 12.90  1
 20  730 420.00  0.00 800.00 12.90  1
 21  750 420.00  0.00 800.00 26.00  0
 22  659 370.00  0.00 800.00 21.50  1
 23  750 420.00  0.00 800.00 52.00  0
 24  659 370.00  0.00 800.00 26.00  1
 25  750 430.00  0.00 800.00 21.50  0
 26  803 450.00  0.00 800.00 21.50  0
 27 1192 670.00  0.00 800.00  3.00  1
 28  803 440.00  0.00 800.00 17.20  0
 29  659 370.00  0.00 800.00 21.50  1
 30  659 370.00  0.00 800.00 17.20  1
 31  659 390.00  0.00 800.00 26.00  1
 32  750 420.00  0.00 800.00 26.00  0
 33  892 500.00  0.00 800.00 17.20  1
 34  839 470.00  0.00 800.00 21.50  0
 35  768 430.00  0.00 800.00 26.00  0
 36  768 420.00  0.00 800.00 21.50  1
 37  768 420.00  0.00 800.00 52.00  0
 38  768 450.00  0.00 800.00 52.00  0
 39  768 440.00  0.00 800.00 52.00  0
 40  768 430.00  0.00 800.00 21.50  0
 41  768 440.00  0.00 800.00 21.50  0
