trialNum matrixIndex leftValue leftTime rightValue rightTime choice
  0  700 390.00  0.00 800.00 260.00  0
  1  661 370.00  0.00 800.00 52.00  0
  2  766 430.00  0.00 800.00 17.20  0
  3  658 370.00  0.00 800.00 17.20  1
  4  695 390.00  0.00 800.00 21.50  0
  5  658 380.00  0.00 800.00 12.90  1
  6  658 390.00  0.00 800.00 21.50  0
  7  658 390.00  0.00 800.00 12.90  1
  8  658 370.00  0.00 800.00 12.90  1
  9  658 350.00  0.00 800.00 21.50  0
 10  765 430.00  0.00 800.00 12.90  1
 11  658 390.00  0.00 800.00 12.90  1
 12  765 410.00  0.00 800.00 10.80  1
 13  765 410.00  0.00 800.00 10.80  1
 14  765 450.00  0.00 800.00 17.20  1
 15  731 410.00  0.00 800.00 21.50  0
 16  731 410.00  0.00 800.00 17.20  0
 17  731 390.00  0.00 800.00 26.00  0
 18  802 450.00  0.00 800.00 17.20  1
 19  767 430.00  0.00 800.00 21.50  1
 20  875 490.00  0.00 800.00 21.50  0
 21  803 450.00  0.00 800.00 21.50  0
 22  767 430.00  0.00 800.00 21.50  0
 23  767 430.00  0.00 800.00 17.20  0
 24  767 420.00  0.00 800.00 26.00  0
 25  767 410.00  0.00 800.00 17.20  0
 26  550 310.00  0.00 800.00 17.20  1
 27  657 370.00  0.00 800.00 12.90  1
 28  767 430.00  0.00 800.00 21.50  0
 29  767 440.00  0.00 800.00 17.20  1
 30  767 410.00  0.00 800.00 17.20  0
 31  785 440.00  0.00 800.00 21.50  0
 32  785 430.00  0.00 800.00 17.20  1
 33  785 450.00  0.00 800.00 26.00  0
 34  785 460.00  0.00 800.00 17.20  0
 35  785 440.00  0.00 800.00 17.20  1
 36  785 420.00  0.00 800.00 26.00  0
 37  767 430.00  0.00 800.00 21.50  0
 38  785 430.00  0.00 800.00 26.00  0
 39  856 480.00  0.00 800.00 17.20  0
 40  568 320.00  0.00 800.00 17.20  1
 41  856 470.00  0.00 800.00 12.90  0
