trialNum matrixIndex leftValue leftTime rightValue rightTime choice
  0  137  80.00  0.00 800.00 21.50  1
  1  790 440.00  0.00 800.00 260.00  0
  2  769 430.00  0.00 800.00 52.00  0
  3  714 400.00  0.00 800.00 26.00  1
  4  661 370.00  0.00 800.00 52.00  1
  5  661 350.00  0.00 800.00 26.00  1
  6  769 430.00  0.00 800.00 52.00  0
  7  661 390.00  0.00 800.00 104.00  0
  8  661 390.00  0.00 800.00 104.00  0
  9  661 380.00  0.00 800.00 26.00  1
 10  661 380.00  0.00 800.00 26.00  1
 11  661 380.00  0.00 800.00 26.00  1
 12  661 390.00  0.00 800.00 104.00  0
 13  661 390.00  0.00 800.00 104.00  0
 14  661 370.00  0.00 800.00 26.00  1
 15  661 390.00  0.00 800.00 104.00  0
 16  661 370.00  0.00 800.00 104.00  0
 17  661 390.00  0.00 800.00 104.00  0
 18  661 380.00  0.00 800.00 104.00  0
 19  661 390.00  0.00 800.00 104.00  0
 20  661 370.00  0.00 800.00 26.00  1
 21  661 350.00  0.00 800.00 26.00  1
 22  661 380.00  0.00 800.00 104.00  0
 23  661 370.00  0.00 800.00 26.00  1
 24  661 350.00  0.00 800.00 26.00  0
 25  625 350.00  0.00 800.00 52.00  1
 26  679 380.00  0.00 800.00 52.00  1
 27  661 370.00  0.00 800.00 52.00  1
 28  643 360.00  0.00 800.00 52.00  1
 29  625 350.00  0.00 800.00 52.00  1
 30  607 340.00  0.00 800.00 52.00  1
 31  823 460.00  0.00 800.00 52.00  0
 32  607 350.00  0.00 800.00 26.00  1
 33  625 350.00  0.00 800.00 52.00  1
 34  841 470.00  0.00 800.00 52.00  0
 35  607 340.00  0.00 800.00 52.00  1
 36  841 470.00  0.00 800.00 104.00  0
 37  607 330.00  0.00 800.00 104.00  0
 38  607 360.00  0.00 800.00 26.00  1
 39  607 320.00  0.00 800.00 26.00  1
 40  841 470.00  0.00 800.00 52.00  0
 41  607 320.00  0.00 800.00 26.00  1
