trialNum matrixIndex leftValue leftTime rightValue rightTime choice
  0   54  40.00  0.00 800.00  0.43  1
  1  790 440.00  0.00 800.00 260.00  0
  2  769 430.00  0.00 800.00 52.00  0
  3  714 400.00  0.00 800.00 26.00  0
  4  765 430.00  0.00 800.00 12.90  0
  5  675 380.00  0.00 800.00 12.90  1
  6  676 380.00  0.00 800.00 17.20  1
  7  765 430.00  0.00 800.00 12.90  1
  8  731 410.00  0.00 800.00 21.50  1
  9  876 490.00  0.00 800.00 26.00  0
 10  786 440.00  0.00 800.00 26.00  0
 11  695 390.00  0.00 800.00 21.50  1
 12  822 460.00  0.00 800.00 26.00  0
 13  659 370.00  0.00 800.00 21.50  1
 14  822 470.00  0.00 800.00 52.00  0
 15  641 360.00  0.00 800.00 21.50  1
 16  786 440.00  0.00 800.00 26.00  0
 17  768 430.00  0.00 800.00 26.00  0
 18  641 360.00  0.00 800.00 21.50  1
 19  641 360.00  0.00 800.00 26.00  0
 20  641 370.00  0.00 800.00 26.00  1
 21  694 390.00  0.00 800.00 17.20  1
 22  786 440.00  0.00 800.00 26.00  0
 23  623 350.00  0.00 800.00 21.50  1
 24  786 460.00  0.00 800.00 21.50  0
 25  712 400.00  0.00 800.00 17.20  1
 26  641 360.00  0.00 800.00 21.50  1
 27  768 430.00  0.00 800.00 26.00  0
 28  641 350.00  0.00 800.00 17.20  1
 29  768 420.00  0.00 800.00 21.50  0
 30  641 340.00  0.00 800.00 17.20  1
 31  641 360.00  0.00 800.00 17.20  1
 32  641 370.00  0.00 800.00 26.00  1
 33  821 460.00  0.00 800.00 21.50  0
 34  821 470.00  0.00 800.00 17.20  0
 35  730 410.00  0.00 800.00 17.20  0
 36  712 400.00  0.00 800.00 17.20  0
 37  623 350.00  0.00 800.00 21.50  1
 38  623 330.00  0.00 800.00 26.00  1
 39  623 370.00  0.00 800.00 26.00  1
 40  623 360.00  0.00 800.00 17.20  1
 41  857 480.00  0.00 800.00 21.50  0
