trialNum matrixIndex leftValue leftTime rightValue rightTime choice
  0  682 380.00  0.00 800.00 260.00  1
  1 1097 610.00  0.00 800.00 520.00  1
  2 1259 700.00  0.00 800.00 520.00  1
  3 1313 730.00  0.00 800.00 520.00  1
  4 1331 740.00  0.00 800.00 520.00  1
  5 1331 750.00  0.00 800.00 260.00  0
  6 1169 650.00  0.00 800.00 520.00  1
  7 1241 690.00  0.00 800.00 520.00  1
  8 1277 710.00  0.00 800.00 520.00  1
  9 1331 740.00  0.00 800.00 520.00  0
 10 1367 760.00  0.00 800.00 520.00  0
 11 1367 780.00  0.00 800.00 260.00  0
 12 1349 750.00  0.00 800.00 520.00  0
 13 1277 710.00  0.00 800.00 520.00  1
 14 1349 770.00  0.00 800.00 260.00  0
 15 1349 740.00  0.00 800.00 260.00  1
 16 1349 760.00  0.00 800.00 260.00  1
 17 1349 740.00  0.00 800.00 260.00  1
 18 1349 750.00  0.00 800.00 260.00  0
 19 1367 760.00  0.00 800.00 520.00  0
 20 1349 730.00  0.00 800.00 260.00  1
 21 1349 740.00  0.00 800.00 260.00  1
 22 1349 730.00  0.00 800.00 260.00  1
 23 1349 770.00  0.00 800.00 260.00  1
 24 1349 760.00  0.00 800.00 260.00  0
 25 1367 760.00  0.00 800.00 520.00  0
 26 1277 710.00  0.00 800.00 520.00  1
 27 1349 750.00  0.00 800.00 520.00  0
 28 1277 690.00  0.00 800.00 260.00  1
 29 1295 720.00  0.00 800.00 520.00  1
 30 1349 750.00  0.00 800.00 520.00  0
 31 1349 740.00  0.00 800.00 260.00  1
 32 1349 750.00  0.00 800.00 260.00  1
 33 1349 770.00  0.00 800.00 260.00  0
 34 1277 710.00  0.00 800.00 520.00  1
 35 1277 700.00  0.00 800.00 260.00  1
 36 1349 750.00  0.00 800.00 520.00  0
 37 1295 720.00  0.00 800.00 520.00  1
 38 1349 770.00  0.00 800.00 260.00  0
 39 1349 770.00  0.00 800.00 260.00  0
 40 1295 720.00  0.00 800.00 520.00  1
 41 1349 760.00  0.00 800.00 260.00  0
