trialNum matrixIndex leftValue leftTime rightValue rightTime choice
  0  766 430.00  0.00 800.00 17.20  1
  1  737 410.00  0.00 800.00 520.00  1
  2 1169 650.00  0.00 800.00 520.00  1
  3 1277 710.00  0.00 800.00 520.00  0
  4 1223 680.00  0.00 800.00 520.00  0
  5 1151 640.00  0.00 800.00 520.00  1
  6 1223 690.00  0.00 800.00 260.00  0
  7 1025 570.00  0.00 800.00 520.00  1
  8 1277 710.00  0.00 800.00 520.00  0
  9 1151 640.00  0.00 800.00 520.00  1
 10 1277 720.00  0.00 800.00 260.00  0
 11 1295 720.00  0.00 800.00 520.00  0
 12 1133 630.00  0.00 800.00 520.00  1
 13 1133 640.00  0.00 800.00 260.00  1
 14 1259 700.00  0.00 800.00 520.00  0
 15 1151 640.00  0.00 800.00 520.00  1
 16 1259 690.00  0.00 800.00 260.00  1
 17 1241 690.00  0.00 800.00 520.00  0
 18 1133 630.00  0.00 800.00 520.00  1
 19 1241 690.00  0.00 800.00 260.00  1
 20 1241 700.00  0.00 800.00 260.00  0
 21 1133 630.00  0.00 800.00 520.00  1
 22 1259 700.00  0.00 800.00 520.00  0
 23 1133 620.00  0.00 800.00 260.00  1
 24 1133 650.00  0.00 800.00 260.00  1
 25 1133 620.00  0.00 800.00 260.00  1
 26 1133 650.00  0.00 800.00 260.00  1
 27 1259 700.00  0.00 800.00 520.00  0
 28 1133 630.00  0.00 800.00 260.00  1
 29 1133 630.00  0.00 800.00 260.00  1
 30 1133 650.00  0.00 800.00 260.00  1
 31 1133 610.00  0.00 800.00 260.00  1
 32 1133 640.00  0.00 800.00 260.00  1
 33 1151 640.00  0.00 800.00 520.00  0
 34 1151 630.00  0.00 800.00 260.00  1
 35 1151 620.00  0.00 800.00 260.00  1
 36 1151 620.00  0.00 800.00 260.00  1
 37 1151 660.00  0.00 800.00 260.00  1
 38 1151 630.00  0.00 800.00 260.00  1
 39 1151 640.00  0.00 800.00 260.00  1
 40 1151 630.00  0.00 800.00 260.00  1
 41 1151 630.00  0.00 800.00 260.00  1
