trialNum matrixIndex leftValue leftTime rightValue rightTime choice
  0  692 390.00  0.00 800.00 10.80  1
  1  629 350.00  0.00 800.00 520.00  0
  2  769 430.00  0.00 800.00 52.00  1
  3  771 430.00  0.00 800.00 156.00  0
  4  716 400.00  0.00 800.00 104.00  1
  5  681 380.00  0.00 800.00 156.00  0
  6  716 380.00  0.00 800.00 52.00  1
  7  716 380.00  0.00 800.00 52.00  1
  8  716 410.00  0.00 800.00 156.00  0
  9  716 380.00  0.00 800.00 156.00  0
 10  716 380.00  0.00 800.00 52.00  1
 11  716 400.00  0.00 800.00 156.00  0
 12  716 410.00  0.00 800.00 52.00  1
 13  716 390.00  0.00 800.00 52.00  1
 14  716 420.00  0.00 800.00 156.00  0
 15  716 390.00  0.00 800.00 156.00  0
 16  716 390.00  0.00 800.00 156.00  1
 17  698 390.00  0.00 800.00 104.00  1
 18  699 390.00  0.00 800.00 156.00  0
 19  698 400.00  0.00 800.00 52.00  1
 20  698 410.00  0.00 800.00 156.00  0
 21  698 410.00  0.00 800.00 52.00  1
 22  698 370.00  0.00 800.00 156.00  0
 23  698 380.00  0.00 800.00 52.00  1
 24  698 380.00  0.00 800.00 156.00  0
 25  698 400.00  0.00 800.00 52.00  1
 26  698 410.00  0.00 800.00 156.00  0
 27  698 400.00  0.00 800.00 52.00  1
 28  698 410.00  0.00 800.00 156.00  0
 29  698 410.00  0.00 800.00 156.00  0
 30  698 390.00  0.00 800.00 52.00  1
 31  698 390.00  0.00 800.00 156.00  0
 32  698 370.00  0.00 800.00 156.00  0
 33  698 410.00  0.00 800.00 156.00  0
 34  698 390.00  0.00 800.00 156.00  0
 35  698 400.00  0.00 800.00 156.00  0
 36  698 380.00  0.00 800.00 156.00  0
 37  698 400.00  0.00 800.00 52.00  1
 38  698 390.00  0.00 800.00 52.00  1
 39  698 390.00  0.00 800.00 52.00  1
 40  698 400.00  0.00 800.00 156.00  0
 41  698 380.00  0.00 800.00 156.00  0
