trialNum matrixIndex leftValue leftTime rightValue rightTime choice
  0  480 270.00  0.00 800.00 26.00  1
  1  647 360.00  0.00 800.00 520.00  0
  2  769 430.00  0.00 800.00 52.00  1
  3  771 430.00  0.00 800.00 156.00  0
  4  716 400.00  0.00 800.00 104.00  1
  5  681 380.00  0.00 800.00 156.00  0
  6  716 380.00  0.00 800.00 52.00  1
  7  716 380.00  0.00 800.00 156.00  0
  8  716 390.00  0.00 800.00 156.00  0
  9  716 380.00  0.00 800.00 156.00  0
 10  716 410.00  0.00 800.00 156.00  0
 11  716 380.00  0.00 800.00 156.00  0
 12  716 390.00  0.00 800.00 52.00  1
 13  716 390.00  0.00 800.00 52.00  1
 14  716 420.00  0.00 800.00 156.00  0
 15  716 380.00  0.00 800.00 52.00  1
 16  716 410.00  0.00 800.00 52.00  1
 17  716 410.00  0.00 800.00 52.00  1
 18  716 400.00  0.00 800.00 156.00  0
 19  716 380.00  0.00 800.00 52.00  1
 20  716 420.00  0.00 800.00 156.00  0
 21  716 390.00  0.00 800.00 52.00  1
 22  716 400.00  0.00 800.00 156.00  0
 23  716 420.00  0.00 800.00 156.00  0
 24  716 410.00  0.00 800.00 52.00  1
 25  716 400.00  0.00 800.00 156.00  0
 26  716 380.00  0.00 800.00 156.00  0
 27  716 390.00  0.00 800.00 156.00  0
 28  716 390.00  0.00 800.00 52.00  1
 29  716 410.00  0.00 800.00 52.00  1
 30  716 390.00  0.00 800.00 156.00  0
 31  716 390.00  0.00 800.00 52.00  1
 32  716 390.00  0.00 800.00 52.00  1
 33  716 400.00  0.00 800.00 52.00  1
 34  716 410.00  0.00 800.00 156.00  0
 35  716 410.00  0.00 800.00 156.00  0
 36  716 380.00  0.00 800.00 156.00  0
 37  716 390.00  0.00 800.00 52.00  1
 38  716 400.00  0.00 800.00 52.00  1
 39  716 380.00  0.00 800.00 156.00  0
 40  716 410.00  0.00 800.00 52.00  1
 41  716 400.00  0.00 800.00 156.00  0
