trialNum matrixIndex leftValue leftTime rightValue rightTime choice
  0  921 520.00  0.00 800.00  2.00  1
  1  682 380.00  0.00 800.00 260.00  0
  2  679 380.00  0.00 800.00 52.00  1
  3  716 400.00  0.00 800.00 104.00  1
  4  681 380.00  0.00 800.00 156.00  0
  5  716 410.00  0.00 800.00 156.00  1
  6  754 420.00  0.00 800.00 260.00  0
  7  645 360.00  0.00 800.00 156.00  1
  8  807 450.00  0.00 800.00 156.00  0
  9  645 350.00  0.00 800.00 260.00  1
 10  916 510.00  0.00 800.00 260.00  0
 11  789 440.00  0.00 800.00 156.00  0
 12  698 390.00  0.00 800.00 104.00  1
 13  825 460.00  0.00 800.00 156.00  0
 14  591 330.00  0.00 800.00 156.00  1
 15  825 450.00  0.00 800.00 104.00  0
 16  573 320.00  0.00 800.00 156.00  1
 17  591 330.00  0.00 800.00 156.00  1
 18  591 350.00  0.00 800.00 104.00  1
 19  843 470.00  0.00 800.00 156.00  0
 20  609 340.00  0.00 800.00 156.00  1
 21  843 450.00  0.00 800.00 260.00  0
 22  843 490.00  0.00 800.00 104.00  0
 23  627 350.00  0.00 800.00 156.00  1
 24  627 340.00  0.00 800.00 104.00  1
 25  627 370.00  0.00 800.00 260.00  1
 26  861 480.00  0.00 800.00 156.00  0
 27  861 500.00  0.00 800.00 260.00  0
 28  843 470.00  0.00 800.00 156.00  1
 29  843 490.00  0.00 800.00 260.00  0
 30  843 460.00  0.00 800.00 104.00  0
 31  879 490.00  0.00 800.00 156.00  0
 32  879 510.00  0.00 800.00 260.00  0
 33  879 470.00  0.00 800.00 104.00  0
 34  555 310.00  0.00 800.00 156.00  1
 35  555 300.00  0.00 800.00 104.00  1
 36  879 490.00  0.00 800.00 156.00  0
 37  573 320.00  0.00 800.00 156.00  1
 38  879 490.00  0.00 800.00 104.00  0
 39  897 500.00  0.00 800.00 156.00  0
 40  555 310.00  0.00 800.00 156.00  1
 41  573 320.00  0.00 800.00 156.00  1
