trialNum matrixIndex leftValue leftTime rightValue rightTime choice
  0  844 470.00  0.00 800.00 260.00  1
  1 1097 610.00  0.00 800.00 520.00  1
  2 1259 700.00  0.00 800.00 520.00  0
  3 1169 650.00  0.00 800.00 520.00  0
  4 1169 640.00  0.00 800.00 260.00  1
  5 1169 630.00  0.00 800.00 260.00  1
  6 1169 640.00  0.00 800.00 260.00  1
  7 1169 630.00  0.00 800.00 260.00  1
  8 1169 660.00  0.00 800.00 260.00  1
  9 1169 630.00  0.00 800.00 260.00  1
 10 1169 660.00  0.00 800.00 260.00  0
 11 1097 610.00  0.00 800.00 520.00  1
 12 1187 660.00  0.00 800.00 520.00  0
 13 1187 640.00  0.00 800.00 260.00  1
 14 1079 600.00  0.00 800.00 520.00  1
 15 1187 650.00  0.00 800.00 260.00  0
 16 1241 690.00  0.00 800.00 520.00  0
 17 1223 680.00  0.00 800.00 520.00  0
 18 1097 610.00  0.00 800.00 520.00  1
 19 1223 660.00  0.00 800.00 260.00  0
 20 1259 700.00  0.00 800.00 520.00  0
 21 1097 610.00  0.00 800.00 520.00  1
 22 1241 690.00  0.00 800.00 520.00  0
 23 1061 590.00  0.00 800.00 520.00  1
 24 1241 700.00  0.00 800.00 260.00  0
 25 1241 710.00  0.00 800.00 260.00  1
 26 1241 700.00  0.00 800.00 260.00  0
 27 1043 580.00  0.00 800.00 520.00  1
 28 1241 690.00  0.00 800.00 260.00  1
 29 1241 670.00  0.00 800.00 260.00  1
 30 1241 690.00  0.00 800.00 260.00  1
 31 1241 690.00  0.00 800.00 260.00  1
 32 1223 680.00  0.00 800.00 520.00  1
 33 1259 700.00  0.00 800.00 520.00  0
 34 1241 690.00  0.00 800.00 520.00  1
 35 1331 740.00  0.00 800.00 520.00  0
 36 1295 720.00  0.00 800.00 520.00  0
 37 1259 700.00  0.00 800.00 520.00  0
 38 1259 710.00  0.00 800.00 260.00  0
 39 1223 680.00  0.00 800.00 520.00  0
 40 1223 700.00  0.00 800.00 260.00  0
 41 1241 690.00  0.00 800.00 520.00  0
