trialNum matrixIndex leftValue leftTime rightValue rightTime choice
  0  975 550.00  0.00 800.00  2.00  1
  1  647 360.00  0.00 800.00 520.00  0
  2  769 430.00  0.00 800.00 52.00  1
  3  771 430.00  0.00 800.00 156.00  0
  4  716 400.00  0.00 800.00 104.00  0
  5  626 350.00  0.00 800.00 104.00  0
  6  751 420.00  0.00 800.00 52.00  0
  7  643 360.00  0.00 800.00 52.00  1
  8  769 430.00  0.00 800.00 52.00  1
  9  751 420.00  0.00 800.00 52.00  0
 10  769 410.00  0.00 800.00 26.00  1
 11  787 440.00  0.00 800.00 52.00  1
 12  751 420.00  0.00 800.00 52.00  1
 13  734 410.00  0.00 800.00 104.00  0
 14  715 400.00  0.00 800.00 52.00  1
 15  698 390.00  0.00 800.00 104.00  0
 16  733 410.00  0.00 800.00 52.00  1
 17  680 380.00  0.00 800.00 104.00  0
 18  715 400.00  0.00 800.00 52.00  1
 19  733 410.00  0.00 800.00 52.00  1
 20  662 370.00  0.00 800.00 104.00  0
 21  733 430.00  0.00 800.00 26.00  1
 22  733 430.00  0.00 800.00 26.00  1
 23  733 430.00  0.00 800.00 104.00  0
 24  733 400.00  0.00 800.00 104.00  0
 25  733 400.00  0.00 800.00 26.00  1
 26  733 410.00  0.00 800.00 26.00  1
 27  733 390.00  0.00 800.00 26.00  1
 28  733 400.00  0.00 800.00 26.00  1
 29  733 420.00  0.00 800.00 104.00  0
 30  733 420.00  0.00 800.00 26.00  1
 31  733 430.00  0.00 800.00 104.00  0
 32  733 410.00  0.00 800.00 104.00  0
 33  733 400.00  0.00 800.00 104.00  0
 34  733 390.00  0.00 800.00 104.00  0
 35  733 390.00  0.00 800.00 104.00  0
 36  733 410.00  0.00 800.00 104.00  0
 37  733 390.00  0.00 800.00 104.00  0
 38  733 410.00  0.00 800.00 26.00  1
 39  733 430.00  0.00 800.00 26.00  1
 40  751 420.00  0.00 800.00 52.00  1
 41  751 430.00  0.00 800.00 26.00  1
