trialNum matrixIndex leftValue leftTime rightValue rightTime choice
  0  341 190.00  0.00 800.00 520.00  1
  1  935 520.00  0.00 800.00 520.00  0
  2  629 350.00  0.00 800.00 520.00  1
  3  827 460.00  0.00 800.00 520.00  1
  4  935 520.00  0.00 800.00 520.00  0
  5  827 460.00  0.00 800.00 260.00  1
  6  827 470.00  0.00 800.00 260.00  1
  7  827 440.00  0.00 800.00 260.00  1
  8  827 460.00  0.00 800.00 260.00  1
  9  827 470.00  0.00 800.00 260.00  1
 10  827 440.00  0.00 800.00 260.00  1
 11  827 480.00  0.00 800.00 260.00  1
 12  827 450.00  0.00 800.00 260.00  1
 13  827 440.00  0.00 800.00 260.00  1
 14  827 440.00  0.00 800.00 260.00  1
 15  827 480.00  0.00 800.00 260.00  1
 16  827 470.00  0.00 800.00 260.00  1
 17  827 450.00  0.00 800.00 260.00  1
 18  827 440.00  0.00 800.00 260.00  1
 19  827 470.00  0.00 800.00 260.00  1
 20  827 460.00  0.00 800.00 260.00  1
 21  827 440.00  0.00 800.00 260.00  1
 22  827 470.00  0.00 800.00 260.00  1
 23  827 460.00  0.00 800.00 260.00  1
 24  827 450.00  0.00 800.00 260.00  1
 25  827 480.00  0.00 800.00 260.00  1
 26  827 450.00  0.00 800.00 260.00  1
 27  827 470.00  0.00 800.00 260.00  1
 28  827 460.00  0.00 800.00 260.00  1
 29  827 470.00  0.00 800.00 260.00  1
 30  827 480.00  0.00 800.00 260.00  1
 31  827 460.00  0.00 800.00 260.00  1
 32  827 450.00  0.00 800.00 260.00  1
 33  827 460.00  0.00 800.00 260.00  1
 34  827 470.00  0.00 800.00 260.00  1
 35  827 460.00  0.00 800.00 260.00  1
 36  827 470.00  0.00 800.00 260.00  1
 37  827 450.00  0.00 800.00 260.00  1
 38  827 480.00  0.00 800.00 260.00  1
 39  827 480.00  0.00 800.00 260.00  1
 40  827 440.00  0.00 800.00 260.00  1
 41  827 450.00  0.00 800.00 260.00  1
