trialNum matrixIndex leftValue leftTime rightValue rightTime choice
  0   39  30.00  0.00 800.00  2.00  1
  1  647 360.00  0.00 800.00 520.00  0
  2  769 430.00  0.00 800.00 52.00  0
  3  714 400.00  0.00 800.00 26.00  1
  4  661 370.00  0.00 800.00 52.00  1
  5  787 440.00  0.00 800.00 52.00  1
  6  680 380.00  0.00 800.00 104.00  0
  7  769 430.00  0.00 800.00 52.00  1
  8  662 370.00  0.00 800.00 104.00  0
  9  751 420.00  0.00 800.00 52.00  1
 10  662 350.00  0.00 800.00 156.00  0
 11  644 360.00  0.00 800.00 104.00  0
 12  751 420.00  0.00 800.00 52.00  1
 13  644 360.00  0.00 800.00 156.00  0
 14  751 430.00  0.00 800.00 26.00  1
 15  751 430.00  0.00 800.00 104.00  0
 16  751 440.00  0.00 800.00 104.00  0
 17  751 420.00  0.00 800.00 26.00  1
 18  751 420.00  0.00 800.00 104.00  0
 19  751 430.00  0.00 800.00 26.00  1
 20  626 350.00  0.00 800.00 104.00  0
 21  751 420.00  0.00 800.00 26.00  1
 22  751 440.00  0.00 800.00 26.00  1
 23  751 420.00  0.00 800.00 104.00  0
 24  751 410.00  0.00 800.00 26.00  1
 25  751 440.00  0.00 800.00 104.00  0
 26  769 430.00  0.00 800.00 52.00  1
 27  751 410.00  0.00 800.00 26.00  1
 28  769 440.00  0.00 800.00 26.00  1
 29  518 290.00  0.00 800.00 104.00  0
 30  751 420.00  0.00 800.00 52.00  1
 31  751 430.00  0.00 800.00 26.00  1
 32  751 440.00  0.00 800.00 104.00  0
 33  751 420.00  0.00 800.00 26.00  1
 34  751 410.00  0.00 800.00 104.00  0
 35  751 420.00  0.00 800.00 104.00  0
 36  751 400.00  0.00 800.00 104.00  0
 37  751 420.00  0.00 800.00 26.00  1
 38  751 420.00  0.00 800.00 104.00  0
 39  751 400.00  0.00 800.00 104.00  0
 40  751 400.00  0.00 800.00 26.00  1
 41  751 420.00  0.00 800.00 26.00  1
