trialNum matrixIndex leftValue leftTime rightValue rightTime choice
  0  263 150.00  0.00 800.00 21.50  1
  1  790 440.00  0.00 800.00 260.00  0
  2  769 430.00  0.00 800.00 52.00  1
  3  663 370.00  0.00 800.00 156.00  0
  4  716 400.00  0.00 800.00 104.00  1
  5  681 380.00  0.00 800.00 156.00  0
  6  716 420.00  0.00 800.00 156.00  0
  7  716 390.00  0.00 800.00 52.00  1
  8  716 420.00  0.00 800.00 156.00  0
  9  716 380.00  0.00 800.00 156.00  0
 10  716 400.00  0.00 800.00 156.00  0
 11  716 400.00  0.00 800.00 156.00  0
 12  716 410.00  0.00 800.00 52.00  1
 13  716 400.00  0.00 800.00 52.00  1
 14  716 410.00  0.00 800.00 52.00  1
 15  716 380.00  0.00 800.00 52.00  1
 16  716 390.00  0.00 800.00 156.00  0
 17  716 420.00  0.00 800.00 52.00  1
 18  716 390.00  0.00 800.00 52.00  1
 19  716 410.00  0.00 800.00 52.00  1
 20  716 380.00  0.00 800.00 52.00  1
 21  716 420.00  0.00 800.00 156.00  0
 22  716 400.00  0.00 800.00 52.00  1
 23  716 380.00  0.00 800.00 156.00  0
 24  716 410.00  0.00 800.00 52.00  1
 25  716 380.00  0.00 800.00 52.00  1
 26  716 390.00  0.00 800.00 156.00  0
 27  716 380.00  0.00 800.00 156.00  0
 28  716 420.00  0.00 800.00 156.00  0
 29  716 400.00  0.00 800.00 52.00  1
 30  716 410.00  0.00 800.00 52.00  1
 31  716 400.00  0.00 800.00 52.00  1
 32  716 400.00  0.00 800.00 156.00  0
 33  716 380.00  0.00 800.00 52.00  1
 34  716 380.00  0.00 800.00 156.00  0
 35  716 400.00  0.00 800.00 52.00  1
 36  716 380.00  0.00 800.00 156.00  0
 37  716 380.00  0.00 800.00 52.00  1
 38  716 390.00  0.00 800.00 156.00  0
 39  716 390.00  0.00 800.00 156.00  0
 40  716 400.00  0.00 800.00 156.00  0
 41  716 400.00  0.00 800.00 156.00  0
