trialNum matrixIndex leftValue leftTime rightValue rightTime choice
  0  988 550.00  0.00 800.00 260.00  0
  1  769 430.00  0.00 800.00 52.00  1
  2  771 430.00  0.00 800.00 156.00  1
  3  790 440.00  0.00 800.00 260.00  1
  4  647 360.00  0.00 800.00 520.00  1
  5  755 420.00  0.00 800.00 520.00  0
  6  629 350.00  0.00 800.00 520.00  1
  7  755 400.00  0.00 800.00 260.00  1
  8  755 440.00  0.00 800.00 260.00  1
  9  755 430.00  0.00 800.00 260.00  1
 10  755 410.00  0.00 800.00 260.00  1
 11  755 420.00  0.00 800.00 260.00  1
 12  755 410.00  0.00 800.00 260.00  1
 13  755 430.00  0.00 800.00 260.00  1
 14  737 410.00  0.00 800.00 520.00  0
 15  737 390.00  0.00 800.00 260.00  1
 16  737 400.00  0.00 800.00 260.00  1
 17  647 360.00  0.00 800.00 520.00  1
 18  737 420.00  0.00 800.00 260.00  1
 19  737 410.00  0.00 800.00 260.00  1
 20  737 420.00  0.00 800.00 260.00  1
 21  737 400.00  0.00 800.00 260.00  1
 22  737 410.00  0.00 800.00 260.00  1
 23  737 410.00  0.00 800.00 260.00  1
 24  737 420.00  0.00 800.00 260.00  1
 25  737 400.00  0.00 800.00 260.00  1
 26  737 430.00  0.00 800.00 260.00  1
 27  737 420.00  0.00 800.00 260.00  1
 28  737 430.00  0.00 800.00 260.00  1
 29  737 400.00  0.00 800.00 260.00  1
 30  737 420.00  0.00 800.00 260.00  1
 31  737 400.00  0.00 800.00 260.00  1
 32  737 400.00  0.00 800.00 260.00  1
 33  737 430.00  0.00 800.00 260.00  1
 34  737 420.00  0.00 800.00 260.00  1
 35  737 410.00  0.00 800.00 260.00  1
 36  737 400.00  0.00 800.00 260.00  1
 37  737 430.00  0.00 800.00 260.00  1
 38  737 400.00  0.00 800.00 260.00  1
 39  737 400.00  0.00 800.00 260.00  1
 40  737 390.00  0.00 800.00 260.00  1
 41  737 420.00  0.00 800.00 260.00  1
