trialNum matrixIndex leftValue leftTime rightValue rightTime choice
  0   18  20.00  0.00 800.00  0.43  1
  1  790 440.00  0.00 800.00 260.00  0
  2  769 430.00  0.00 800.00 52.00  1
  3  663 370.00  0.00 800.00 156.00  0
  4  716 400.00  0.00 800.00 104.00  1
  5  716 390.00  0.00 800.00 52.00  1
  6  716 400.00  0.00 800.00 156.00  0
  7  716 390.00  0.00 800.00 156.00  0
  8  716 400.00  0.00 800.00 156.00  0
  9  716 380.00  0.00 800.00 52.00  1
 10  716 390.00  0.00 800.00 52.00  1
 11  716 420.00  0.00 800.00 156.00  0
 12  716 420.00  0.00 800.00 52.00  1
 13  716 400.00  0.00 800.00 156.00  0
 14  716 420.00  0.00 800.00 52.00  1
 15  716 420.00  0.00 800.00 156.00  0
 16  716 420.00  0.00 800.00 156.00  0
 17  716 390.00  0.00 800.00 156.00  0
 18  716 410.00  0.00 800.00 156.00  0
 19  716 400.00  0.00 800.00 156.00  0
 20  716 420.00  0.00 800.00 156.00  0
 21  716 420.00  0.00 800.00 156.00  0
 22  716 390.00  0.00 800.00 52.00  1
 23  716 400.00  0.00 800.00 52.00  1
 24  716 390.00  0.00 800.00 156.00  0
 25  716 400.00  0.00 800.00 52.00  1
 26  716 380.00  0.00 800.00 52.00  1
 27  716 400.00  0.00 800.00 52.00  1
 28  716 390.00  0.00 800.00 52.00  1
 29  716 400.00  0.00 800.00 52.00  1
 30  716 390.00  0.00 800.00 52.00  1
 31  716 390.00  0.00 800.00 52.00  1
 32  716 400.00  0.00 800.00 156.00  0
 33  716 390.00  0.00 800.00 52.00  1
 34  716 410.00  0.00 800.00 156.00  0
 35  716 380.00  0.00 800.00 156.00  0
 36  716 420.00  0.00 800.00 156.00  0
 37  716 420.00  0.00 800.00 52.00  1
 38  716 410.00  0.00 800.00 52.00  1
 39  716 380.00  0.00 800.00 156.00  0
 40  716 380.00  0.00 800.00 156.00  0
 41  716 380.00  0.00 800.00 52.00  1
