trialNum matrixIndex leftValue leftTime rightValue rightTime choice
  0  637 360.00  0.00 800.00  8.60  1
  1  790 440.00  0.00 800.00 260.00  0
  2  661 370.00  0.00 800.00 52.00  0
  3  766 430.00  0.00 800.00 17.20  1
  4  785 440.00  0.00 800.00 21.50  0
  5  677 380.00  0.00 800.00 21.50  1
  6  732 410.00  0.00 800.00 26.00  0
  7  732 420.00  0.00 800.00 52.00  0
  8  677 380.00  0.00 800.00 21.50  1
  9  732 400.00  0.00 800.00 21.50  1
 10  732 400.00  0.00 800.00 21.50  1
 11  732 420.00  0.00 800.00 21.50  0
 12  785 440.00  0.00 800.00 21.50  0
 13  714 400.00  0.00 800.00 26.00  0
 14  856 480.00  0.00 800.00 17.20  0
 15  873 490.00  0.00 800.00 12.90  0
 16  766 430.00  0.00 800.00 17.20  0
 17  730 410.00  0.00 800.00 17.20  1
 18  659 370.00  0.00 800.00 21.50  0
 19  641 360.00  0.00 800.00 21.50  1
 20  641 360.00  0.00 800.00 17.20  1
 21  641 370.00  0.00 800.00 17.20  1
 22  641 370.00  0.00 800.00 17.20  1
 23  730 410.00  0.00 800.00 17.20  1
 24  730 390.00  0.00 800.00 12.90  1
 25  641 360.00  0.00 800.00 21.50  0
 26  730 400.00  0.00 800.00 12.90  1
 27  659 370.00  0.00 800.00 21.50  1
 28  641 360.00  0.00 800.00 21.50  1
 29  641 350.00  0.00 800.00 17.20  1
 30  712 400.00  0.00 800.00 17.20  1
 31  641 340.00  0.00 800.00 26.00  1
 32  712 400.00  0.00 800.00 21.50  0
 33  712 400.00  0.00 800.00 12.90  1
 34  641 360.00  0.00 800.00 21.50  0
 35  641 360.00  0.00 800.00 17.20  1
 36  641 340.00  0.00 800.00 26.00  0
 37  677 380.00  0.00 800.00 21.50  1
 38  641 360.00  0.00 800.00 26.00  1
 39  694 390.00  0.00 800.00 17.20  1
 40  605 340.00  0.00 800.00 21.50  1
 41  623 350.00  0.00 800.00 21.50  1
