trialNum matrixIndex leftValue leftTime rightValue rightTime choice
  0  164 100.00  0.00 800.00  1.00  1
  1  790 440.00  0.00 800.00 260.00  0
  2  769 430.00  0.00 800.00 52.00  1
  3  681 380.00  0.00 800.00 156.00  1
  4  682 380.00  0.00 800.00 260.00  0
  5  771 430.00  0.00 800.00 156.00  0
  6  663 370.00  0.00 800.00 156.00  1
  7  771 450.00  0.00 800.00 104.00  1
  8  771 410.00  0.00 800.00 260.00  0
  9  771 440.00  0.00 800.00 104.00  1
 10  771 450.00  0.00 800.00 104.00  1
 11  771 410.00  0.00 800.00 104.00  1
 12  771 420.00  0.00 800.00 260.00  1
 13  772 430.00  0.00 800.00 260.00  0
 14  754 420.00  0.00 800.00 260.00  0
 15  753 420.00  0.00 800.00 156.00  0
 16  771 430.00  0.00 800.00 156.00  0
 17  807 450.00  0.00 800.00 156.00  0
 18  825 460.00  0.00 800.00 156.00  0
 19  825 440.00  0.00 800.00 260.00  0
 20  807 450.00  0.00 800.00 156.00  0
 21  825 460.00  0.00 800.00 104.00  0
 22  573 320.00  0.00 800.00 156.00  1
 23  573 310.00  0.00 800.00 260.00  1
 24  843 470.00  0.00 800.00 156.00  0
 25  843 490.00  0.00 800.00 104.00  1
 26  843 480.00  0.00 800.00 260.00  0
 27  843 450.00  0.00 800.00 104.00  1
 28  825 460.00  0.00 800.00 156.00  0
 29  843 490.00  0.00 800.00 104.00  1
 30  843 460.00  0.00 800.00 260.00  0
 31  825 460.00  0.00 800.00 156.00  0
 32  825 470.00  0.00 800.00 104.00  1
 33  825 440.00  0.00 800.00 260.00  1
 34  825 440.00  0.00 800.00 260.00  1
 35  465 260.00  0.00 800.00 156.00  1
 36  537 300.00  0.00 800.00 156.00  1
 37  573 320.00  0.00 800.00 156.00  1
 38  717 400.00  0.00 800.00 156.00  1
 39  681 380.00  0.00 800.00 156.00  1
 40  681 370.00  0.00 800.00 104.00  1
 41  681 390.00  0.00 800.00 104.00  1
