trialNum matrixIndex leftValue leftTime rightValue rightTime choice
  0  412 230.00  0.00 800.00 260.00  0
  1  714 400.00  0.00 800.00 26.00  1
  2  679 380.00  0.00 800.00 52.00  1
  3  608 340.00  0.00 800.00 104.00  0
  4  769 430.00  0.00 800.00 52.00  1
  5  751 420.00  0.00 800.00 52.00  1
  6  626 350.00  0.00 800.00 104.00  0
  7  626 330.00  0.00 800.00 52.00  1
  8  751 420.00  0.00 800.00 52.00  1
  9  626 360.00  0.00 800.00 52.00  1
 10  626 360.00  0.00 800.00 156.00  0
 11  626 340.00  0.00 800.00 52.00  1
 12  626 340.00  0.00 800.00 156.00  0
 13  626 340.00  0.00 800.00 156.00  0
 14  626 340.00  0.00 800.00 52.00  1
 15  626 370.00  0.00 800.00 52.00  1
 16  859 480.00  0.00 800.00 52.00  1
 17  626 370.00  0.00 800.00 52.00  1
 18  626 370.00  0.00 800.00 52.00  1
 19  626 370.00  0.00 800.00 52.00  1
 20  626 350.00  0.00 800.00 156.00  0
 21  626 330.00  0.00 800.00 156.00  0
 22  626 340.00  0.00 800.00 156.00  0
 23  626 370.00  0.00 800.00 156.00  0
 24  626 350.00  0.00 800.00 52.00  1
 25  626 350.00  0.00 800.00 52.00  1
 26  626 350.00  0.00 800.00 52.00  1
 27  626 330.00  0.00 800.00 52.00  1
 28  626 360.00  0.00 800.00 52.00  1
 29  626 350.00  0.00 800.00 156.00  0
 30  626 360.00  0.00 800.00 156.00  0
 31  626 330.00  0.00 800.00 52.00  1
 32  626 370.00  0.00 800.00 52.00  1
 33  626 340.00  0.00 800.00 156.00  0
 34  626 330.00  0.00 800.00 156.00  0
 35  626 340.00  0.00 800.00 52.00  1
 36  626 350.00  0.00 800.00 52.00  1
 37  626 340.00  0.00 800.00 52.00  1
 38  626 370.00  0.00 800.00 52.00  1
 39  626 350.00  0.00 800.00 52.00  1
 40  626 330.00  0.00 800.00 52.00  1
 41  626 370.00  0.00 800.00 156.00  0
