trialNum matrixIndex leftValue leftTime rightValue rightTime choice
  0  304 170.00  0.00 800.00 260.00  1
  1  845 470.00  0.00 800.00 520.00  0
  2  682 380.00  0.00 800.00 260.00  0
  3  663 370.00  0.00 800.00 156.00  1
  4  771 430.00  0.00 800.00 156.00  0
  5  663 390.00  0.00 800.00 260.00  0
  6  663 370.00  0.00 800.00 104.00  1
  7  663 370.00  0.00 800.00 104.00  1
  8  663 380.00  0.00 800.00 104.00  1
  9  663 370.00  0.00 800.00 260.00  0
 10  663 350.00  0.00 800.00 104.00  1
 11  663 380.00  0.00 800.00 260.00  0
 12  663 360.00  0.00 800.00 104.00  1
 13  663 360.00  0.00 800.00 260.00  0
 14  663 370.00  0.00 800.00 260.00  0
 15  663 380.00  0.00 800.00 260.00  0
 16  663 350.00  0.00 800.00 260.00  0
 17  663 360.00  0.00 800.00 104.00  1
 18  663 360.00  0.00 800.00 260.00  0
 19  663 350.00  0.00 800.00 104.00  1
 20  663 370.00  0.00 800.00 260.00  0
 21  663 390.00  0.00 800.00 104.00  1
 22  663 390.00  0.00 800.00 260.00  0
 23  663 350.00  0.00 800.00 104.00  1
 24  663 390.00  0.00 800.00 260.00  0
 25  663 360.00  0.00 800.00 104.00  1
 26  663 390.00  0.00 800.00 104.00  1
 27  663 380.00  0.00 800.00 260.00  0
 28  663 360.00  0.00 800.00 104.00  1
 29  663 380.00  0.00 800.00 104.00  1
 30  663 370.00  0.00 800.00 260.00  0
 31  663 350.00  0.00 800.00 260.00  0
 32  663 360.00  0.00 800.00 260.00  0
 33  663 390.00  0.00 800.00 104.00  1
 34  663 390.00  0.00 800.00 104.00  1
 35  663 360.00  0.00 800.00 104.00  1
 36  663 380.00  0.00 800.00 260.00  0
 37  663 380.00  0.00 800.00 260.00  0
 38  663 360.00  0.00 800.00 104.00  1
 39  663 380.00  0.00 800.00 104.00  1
 40  663 350.00  0.00 800.00 260.00  0
 41  663 370.00  0.00 800.00 104.00  1
