trialNum matrixIndex leftValue leftTime rightValue rightTime choice
  0  949 530.00  0.00 800.00 52.00  1
  1  935 520.00  0.00 800.00 520.00  1
  2 1205 670.00  0.00 800.00 520.00  1
  3 1295 720.00  0.00 800.00 520.00  1
  4 1331 740.00  0.00 800.00 520.00  1
  5 1331 730.00  0.00 800.00 260.00  1
  6 1331 740.00  0.00 800.00 260.00  1
  7 1349 750.00  0.00 800.00 520.00  0
  8 1331 760.00  0.00 800.00 260.00  0
  9 1331 750.00  0.00 800.00 260.00  1
 10 1331 750.00  0.00 800.00 260.00  1
 11 1331 720.00  0.00 800.00 260.00  1
 12 1331 750.00  0.00 800.00 260.00  1
 13 1331 720.00  0.00 800.00 260.00  1
 14 1331 750.00  0.00 800.00 260.00  1
 15 1331 750.00  0.00 800.00 260.00  1
 16 1331 760.00  0.00 800.00 260.00  0
 17 1349 750.00  0.00 800.00 520.00  0
 18 1349 760.00  0.00 800.00 260.00  0
 19 1349 730.00  0.00 800.00 260.00  1
 20 1349 730.00  0.00 800.00 260.00  1
 21 1349 730.00  0.00 800.00 260.00  1
 22 1349 760.00  0.00 800.00 260.00  0
 23 1295 720.00  0.00 800.00 520.00  1
 24 1349 750.00  0.00 800.00 260.00  1
 25 1349 760.00  0.00 800.00 260.00  0
 26 1349 740.00  0.00 800.00 260.00  1
 27 1349 750.00  0.00 800.00 260.00  1
 28 1349 760.00  0.00 800.00 260.00  0
 29 1295 720.00  0.00 800.00 520.00  1
 30 1349 740.00  0.00 800.00 260.00  1
 31 1349 730.00  0.00 800.00 260.00  1
 32 1349 760.00  0.00 800.00 260.00  0
 33 1295 720.00  0.00 800.00 520.00  1
 34 1349 740.00  0.00 800.00 260.00  1
 35 1349 730.00  0.00 800.00 260.00  1
 36 1349 740.00  0.00 800.00 260.00  1
 37 1349 730.00  0.00 800.00 260.00  1
 38 1349 770.00  0.00 800.00 260.00  0
 39 1295 720.00  0.00 800.00 520.00  1
 40 1349 770.00  0.00 800.00 260.00  0
 41 1349 770.00  0.00 800.00 260.00  0
