trialNum matrixIndex leftValue leftTime rightValue rightTime choice
  0  151  90.00  0.00 800.00  8.60  1
  1  790 440.00  0.00 800.00 260.00  0
  2  769 430.00  0.00 800.00 52.00  1
  3  681 380.00  0.00 800.00 156.00  1
  4  682 380.00  0.00 800.00 260.00  0
  5  771 430.00  0.00 800.00 156.00  1
  6  771 440.00  0.00 800.00 104.00  1
  7  700 390.00  0.00 800.00 260.00  0
  8  771 410.00  0.00 800.00 104.00  1
  9  771 410.00  0.00 800.00 104.00  1
 10  771 430.00  0.00 800.00 104.00  1
 11  771 410.00  0.00 800.00 260.00  1
 12  700 390.00  0.00 800.00 260.00  1
 13  629 350.00  0.00 800.00 520.00  0
 14  682 380.00  0.00 800.00 260.00  1
 15  664 370.00  0.00 800.00 260.00  1
 16  844 470.00  0.00 800.00 260.00  0
 17  664 370.00  0.00 800.00 520.00  0
 18  664 390.00  0.00 800.00 156.00  1
 19  664 380.00  0.00 800.00 520.00  0
 20  664 380.00  0.00 800.00 156.00  1
 21  664 370.00  0.00 800.00 156.00  1
 22  664 350.00  0.00 800.00 520.00  0
 23  664 390.00  0.00 800.00 520.00  0
 24  664 390.00  0.00 800.00 156.00  1
 25  664 370.00  0.00 800.00 520.00  0
 26  664 390.00  0.00 800.00 520.00  0
 27  664 360.00  0.00 800.00 156.00  1
 28  664 350.00  0.00 800.00 520.00  0
 29  664 360.00  0.00 800.00 520.00  0
 30  664 370.00  0.00 800.00 520.00  0
 31  664 390.00  0.00 800.00 156.00  1
 32  664 390.00  0.00 800.00 156.00  1
 33  664 390.00  0.00 800.00 156.00  1
 34  664 390.00  0.00 800.00 156.00  1
 35  664 390.00  0.00 800.00 520.00  0
 36  664 370.00  0.00 800.00 520.00  0
 37  664 370.00  0.00 800.00 520.00  0
 38  664 380.00  0.00 800.00 520.00  0
 39  664 380.00  0.00 800.00 520.00  0
 40  664 350.00  0.00 800.00 156.00  1
 41  664 370.00  0.00 800.00 156.00  1
