trialNum matrixIndex leftValue leftTime rightValue rightTime choice
  0  798 450.00  0.00 800.00  6.44  1
  1  790 440.00  0.00 800.00 260.00  0
  2  769 430.00  0.00 800.00 52.00  1
  3  681 380.00  0.00 800.00 156.00  0
  4  626 350.00  0.00 800.00 104.00  1
  5  716 400.00  0.00 800.00 104.00  0
  6  734 410.00  0.00 800.00 104.00  0
  7  608 340.00  0.00 800.00 104.00  1
  8  716 400.00  0.00 800.00 104.00  1
  9  734 410.00  0.00 800.00 104.00  1
 10  698 390.00  0.00 800.00 104.00  1
 11  771 430.00  0.00 800.00 156.00  0
 12  698 370.00  0.00 800.00 156.00  0
 13  698 410.00  0.00 800.00 156.00  0
 14  698 390.00  0.00 800.00 52.00  1
 15  698 400.00  0.00 800.00 156.00  0
 16  698 390.00  0.00 800.00 52.00  1
 17  716 400.00  0.00 800.00 104.00  0
 18  716 400.00  0.00 800.00 52.00  0
 19  410 230.00  0.00 800.00 104.00  1
 20  878 490.00  0.00 800.00 104.00  0
 21  464 260.00  0.00 800.00 104.00  1
 22  806 450.00  0.00 800.00 104.00  1
 23  950 530.00  0.00 800.00 104.00  0
 24  500 280.00  0.00 800.00 104.00  1
 25  734 410.00  0.00 800.00 104.00  1
 26  554 310.00  0.00 800.00 104.00  1
 27  698 390.00  0.00 800.00 104.00  1
 28  644 360.00  0.00 800.00 104.00  1
 29  626 350.00  0.00 800.00 104.00  1
 30  626 340.00  0.00 800.00 156.00  0
 31  644 360.00  0.00 800.00 104.00  0
 32  734 410.00  0.00 800.00 104.00  1
 33  626 350.00  0.00 800.00 104.00  1
 34  644 360.00  0.00 800.00 104.00  1
 35  626 370.00  0.00 800.00 52.00  1
 36  626 340.00  0.00 800.00 52.00  1
 37  662 370.00  0.00 800.00 104.00  1
 38  825 460.00  0.00 800.00 156.00  0
 39  626 350.00  0.00 800.00 104.00  1
 40  626 350.00  0.00 800.00 156.00  0
 41  644 360.00  0.00 800.00 104.00  0
