trialNum matrixIndex leftValue leftTime rightValue rightTime choice
  0  143  80.00  0.00 800.00 520.00  0
  1  714 400.00  0.00 800.00 26.00  1
  2  661 370.00  0.00 800.00 52.00  1
  3  769 430.00  0.00 800.00 52.00  1
  4  644 360.00  0.00 800.00 104.00  0
  5  769 430.00  0.00 800.00 104.00  0
  6  751 420.00  0.00 800.00 52.00  1
  7  644 360.00  0.00 800.00 104.00  0
  8  751 440.00  0.00 800.00 104.00  0
  9  751 400.00  0.00 800.00 26.00  1
 10  751 400.00  0.00 800.00 104.00  0
 11  751 430.00  0.00 800.00 26.00  1
 12  751 420.00  0.00 800.00 104.00  0
 13  769 430.00  0.00 800.00 52.00  1
 14  626 350.00  0.00 800.00 104.00  1
 15  626 340.00  0.00 800.00 156.00  0
 16  626 360.00  0.00 800.00 52.00  1
 17  626 360.00  0.00 800.00 52.00  1
 18  626 350.00  0.00 800.00 156.00  0
 19  626 350.00  0.00 800.00 156.00  0
 20  626 360.00  0.00 800.00 156.00  0
 21  626 370.00  0.00 800.00 156.00  0
 22  626 340.00  0.00 800.00 156.00  0
 23  626 360.00  0.00 800.00 52.00  1
 24  626 370.00  0.00 800.00 52.00  1
 25  626 340.00  0.00 800.00 52.00  1
 26  626 340.00  0.00 800.00 52.00  1
 27  626 360.00  0.00 800.00 52.00  1
 28  626 330.00  0.00 800.00 156.00  0
 29  626 360.00  0.00 800.00 52.00  1
 30  626 330.00  0.00 800.00 156.00  0
 31  626 360.00  0.00 800.00 52.00  1
 32  626 370.00  0.00 800.00 52.00  1
 33  626 350.00  0.00 800.00 156.00  0
 34  626 350.00  0.00 800.00 52.00  1
 35  626 370.00  0.00 800.00 156.00  0
 36  626 350.00  0.00 800.00 156.00  0
 37  626 340.00  0.00 800.00 156.00  0
 38  626 360.00  0.00 800.00 52.00  1
 39  626 340.00  0.00 800.00 156.00  0
 40  626 340.00  0.00 800.00 156.00  0
 41  626 340.00  0.00 800.00 52.00  1
