trialNum matrixIndex leftValue leftTime rightValue rightTime choice
  0  930 520.00  0.00 800.00 26.00  0
  1  766 430.00  0.00 800.00 17.20  0
  2  658 370.00  0.00 800.00 17.20  1
  3  658 370.00  0.00 800.00 17.20  1
  4  695 390.00  0.00 800.00 21.50  1
  5  625 350.00  0.00 800.00 52.00  0
  6  766 430.00  0.00 800.00 17.20  1
  7  768 430.00  0.00 800.00 26.00  0
  8  659 370.00  0.00 800.00 21.50  1
  9  750 420.00  0.00 800.00 26.00  0
 10  748 420.00  0.00 800.00 17.20  0
 11  677 380.00  0.00 800.00 21.50  1
 12  641 360.00  0.00 800.00 21.50  1
 13  804 450.00  0.00 800.00 26.00  0
 14  730 410.00  0.00 800.00 17.20  1
 15  768 430.00  0.00 800.00 26.00  0
 16  641 360.00  0.00 800.00 21.50  1
 17  730 410.00  0.00 800.00 17.20  1
 18  821 460.00  0.00 800.00 21.50  1
 19  786 440.00  0.00 800.00 26.00  0
 20  786 450.00  0.00 800.00 52.00  0
 21  768 430.00  0.00 800.00 26.00  0
 22  786 450.00  0.00 800.00 21.50  0
 23  768 420.00  0.00 800.00 21.50  1
 24  768 450.00  0.00 800.00 52.00  0
 25  768 430.00  0.00 800.00 21.50  1
 26  768 430.00  0.00 800.00 21.50  1
 27  768 450.00  0.00 800.00 21.50  1
 28  750 420.00  0.00 800.00 26.00  0
 29  768 420.00  0.00 800.00 21.50  1
 30  750 440.00  0.00 800.00 21.50  0
 31  768 450.00  0.00 800.00 52.00  0
 32  768 440.00  0.00 800.00 21.50  1
 33  750 420.00  0.00 800.00 26.00  0
 34  768 450.00  0.00 800.00 52.00  0
 35  768 450.00  0.00 800.00 21.50  0
 36  768 440.00  0.00 800.00 21.50  0
 37  786 440.00  0.00 800.00 26.00  0
 38  786 420.00  0.00 800.00 21.50  1
 39  768 430.00  0.00 800.00 26.00  0
 40  786 440.00  0.00 800.00 52.00  0
 41  786 430.00  0.00 800.00 52.00  0
