trialNum matrixIndex leftValue leftTime rightValue rightTime choice
  0  807 450.00  0.00 800.00 156.00  0
  1  661 370.00  0.00 800.00 52.00  1
  2  716 400.00  0.00 800.00 104.00  1
  3  681 380.00  0.00 800.00 156.00  1
  4  771 430.00  0.00 800.00 156.00  1
  5  736 410.00  0.00 800.00 260.00  0
  6  771 420.00  0.00 800.00 260.00  0
  7  771 430.00  0.00 800.00 260.00  0
  8  771 430.00  0.00 800.00 260.00  0
  9  771 440.00  0.00 800.00 104.00  0
 10  680 380.00  0.00 800.00 104.00  1
 11  609 340.00  0.00 800.00 156.00  1
 12  807 450.00  0.00 800.00 156.00  1
 13  898 500.00  0.00 800.00 260.00  0
 14  771 430.00  0.00 800.00 156.00  1
 15  735 410.00  0.00 800.00 156.00  1
 16  717 400.00  0.00 800.00 156.00  1
 17  790 440.00  0.00 800.00 260.00  0
 18  717 410.00  0.00 800.00 260.00  0
 19  717 390.00  0.00 800.00 104.00  1
 20  735 410.00  0.00 800.00 156.00  1
 21  717 400.00  0.00 800.00 104.00  1
 22  735 410.00  0.00 800.00 104.00  1
 23  717 380.00  0.00 800.00 260.00  0
 24  735 400.00  0.00 800.00 260.00  0
 25  735 410.00  0.00 800.00 260.00  0
 26  735 410.00  0.00 800.00 260.00  1
 27  699 390.00  0.00 800.00 156.00  1
 28  699 370.00  0.00 800.00 104.00  1
 29  699 380.00  0.00 800.00 260.00  1
 30  772 430.00  0.00 800.00 260.00  0
 31  772 450.00  0.00 800.00 156.00  0
 32  681 380.00  0.00 800.00 156.00  1
 33  790 440.00  0.00 800.00 260.00  0
 34  699 390.00  0.00 800.00 156.00  1
 35  772 430.00  0.00 800.00 260.00  0
 36  699 390.00  0.00 800.00 260.00  0
 37  772 410.00  0.00 800.00 156.00  0
 38  699 380.00  0.00 800.00 104.00  1
 39  699 390.00  0.00 800.00 104.00  1
 40  699 390.00  0.00 800.00 260.00  0
 41  699 410.00  0.00 800.00 260.00  0
