trialNum matrixIndex leftValue leftTime rightValue rightTime choice
  0  626 350.00  0.00 800.00 104.00  0
  1  714 400.00  0.00 800.00 26.00  1
  2  661 370.00  0.00 800.00 52.00  1
  3  769 430.00  0.00 800.00 52.00  1
  4  626 350.00  0.00 800.00 104.00  0
  5  751 420.00  0.00 800.00 52.00  0
  6  769 430.00  0.00 800.00 52.00  1
  7  824 460.00  0.00 800.00 104.00  0
  8  751 420.00  0.00 800.00 52.00  1
  9  733 410.00  0.00 800.00 52.00  1
 10  698 390.00  0.00 800.00 104.00  0
 11  733 430.00  0.00 800.00 26.00  1
 12  733 400.00  0.00 800.00 26.00  1
 13  751 420.00  0.00 800.00 52.00  1
 14  644 360.00  0.00 800.00 104.00  0
 15  751 440.00  0.00 800.00 104.00  0
 16  751 440.00  0.00 800.00 26.00  1
 17  751 410.00  0.00 800.00 26.00  1
 18  751 400.00  0.00 800.00 104.00  0
 19  751 430.00  0.00 800.00 26.00  1
 20  751 410.00  0.00 800.00 104.00  0
 21  751 400.00  0.00 800.00 26.00  1
 22  751 400.00  0.00 800.00 26.00  1
 23  751 430.00  0.00 800.00 26.00  1
 24  751 400.00  0.00 800.00 26.00  1
 25  751 430.00  0.00 800.00 26.00  1
 26  751 400.00  0.00 800.00 26.00  1
 27  751 430.00  0.00 800.00 26.00  1
 28  751 440.00  0.00 800.00 104.00  0
 29  751 440.00  0.00 800.00 26.00  1
 30  751 440.00  0.00 800.00 26.00  1
 31  751 410.00  0.00 800.00 104.00  0
 32  751 420.00  0.00 800.00 26.00  1
 33  751 430.00  0.00 800.00 104.00  0
 34  751 420.00  0.00 800.00 26.00  1
 35  751 430.00  0.00 800.00 26.00  1
 36  751 420.00  0.00 800.00 26.00  1
 37  751 440.00  0.00 800.00 26.00  1
 38  751 430.00  0.00 800.00 26.00  1
 39  751 420.00  0.00 800.00 104.00  0
 40  751 420.00  0.00 800.00 104.00  0
 41  751 410.00  0.00 800.00 104.00  0
