trialNum matrixIndex leftValue leftTime rightValue rightTime choice
  0  913 510.00  0.00 800.00 52.00  1
  1  935 520.00  0.00 800.00 520.00  0
  2  790 440.00  0.00 800.00 260.00  0
  3  771 430.00  0.00 800.00 156.00  0
  4  663 370.00  0.00 800.00 156.00  0
  5  716 400.00  0.00 800.00 104.00  1
  6  681 380.00  0.00 800.00 156.00  0
  7  716 390.00  0.00 800.00 52.00  1
  8  716 400.00  0.00 800.00 52.00  1
  9  716 420.00  0.00 800.00 52.00  1
 10  716 410.00  0.00 800.00 156.00  0
 11  716 380.00  0.00 800.00 156.00  0
 12  716 380.00  0.00 800.00 52.00  1
 13  716 420.00  0.00 800.00 52.00  1
 14  716 410.00  0.00 800.00 156.00  0
 15  716 400.00  0.00 800.00 156.00  0
 16  716 400.00  0.00 800.00 52.00  1
 17  716 400.00  0.00 800.00 52.00  1
 18  716 390.00  0.00 800.00 52.00  1
 19  716 420.00  0.00 800.00 52.00  1
 20  716 410.00  0.00 800.00 156.00  0
 21  716 410.00  0.00 800.00 52.00  1
 22  716 420.00  0.00 800.00 52.00  1
 23  716 400.00  0.00 800.00 52.00  1
 24  716 390.00  0.00 800.00 156.00  0
 25  716 390.00  0.00 800.00 52.00  1
 26  716 400.00  0.00 800.00 52.00  1
 27  716 400.00  0.00 800.00 52.00  1
 28  716 410.00  0.00 800.00 52.00  1
 29  716 400.00  0.00 800.00 52.00  1
 30  716 390.00  0.00 800.00 52.00  1
 31  716 420.00  0.00 800.00 52.00  1
 32  716 390.00  0.00 800.00 156.00  0
 33  716 410.00  0.00 800.00 156.00  0
 34  716 400.00  0.00 800.00 156.00  0
 35  716 420.00  0.00 800.00 52.00  1
 36  716 380.00  0.00 800.00 52.00  1
 37  716 400.00  0.00 800.00 52.00  1
 38  716 380.00  0.00 800.00 156.00  0
 39  716 410.00  0.00 800.00 52.00  1
 40  716 400.00  0.00 800.00 156.00  0
 41  716 400.00  0.00 800.00 156.00  0
