trialNum matrixIndex leftValue leftTime rightValue rightTime choice
  0  749 420.00  0.00 800.00 21.50  1
  1  737 410.00  0.00 800.00 520.00  0
  2  716 400.00  0.00 800.00 104.00  0
  3  679 380.00  0.00 800.00 52.00  1
  4  608 340.00  0.00 800.00 104.00  0
  5  769 430.00  0.00 800.00 52.00  1
  6  751 420.00  0.00 800.00 52.00  1
  7  626 350.00  0.00 800.00 104.00  0
  8  769 430.00  0.00 800.00 52.00  1
  9  626 370.00  0.00 800.00 52.00  1
 10  626 360.00  0.00 800.00 52.00  1
 11  626 340.00  0.00 800.00 156.00  0
 12  626 340.00  0.00 800.00 156.00  0
 13  859 480.00  0.00 800.00 52.00  1
 14  626 330.00  0.00 800.00 52.00  1
 15  626 350.00  0.00 800.00 52.00  1
 16  626 350.00  0.00 800.00 156.00  0
 17  626 330.00  0.00 800.00 156.00  0
 18  626 330.00  0.00 800.00 156.00  0
 19  626 370.00  0.00 800.00 52.00  1
 20  626 340.00  0.00 800.00 156.00  0
 21  626 350.00  0.00 800.00 52.00  1
 22  626 330.00  0.00 800.00 52.00  1
 23  626 340.00  0.00 800.00 52.00  1
 24  626 360.00  0.00 800.00 52.00  1
 25  626 370.00  0.00 800.00 156.00  0
 26  626 370.00  0.00 800.00 52.00  1
 27  626 360.00  0.00 800.00 52.00  1
 28  626 370.00  0.00 800.00 156.00  0
 29  626 350.00  0.00 800.00 52.00  1
 30  626 340.00  0.00 800.00 52.00  1
 31  626 360.00  0.00 800.00 156.00  0
 32  626 370.00  0.00 800.00 156.00  0
 33  626 330.00  0.00 800.00 52.00  1
 34  626 340.00  0.00 800.00 156.00  0
 35  626 340.00  0.00 800.00 52.00  1
 36  626 330.00  0.00 800.00 156.00  0
 37  626 330.00  0.00 800.00 52.00  1
 38  626 370.00  0.00 800.00 156.00  0
 39  626 370.00  0.00 800.00 156.00  0
 40  626 330.00  0.00 800.00 52.00  1
 41  626 350.00  0.00 800.00 156.00  0
