trialNum matrixIndex leftValue leftTime rightValue rightTime choice
  0   88  50.00  0.00 800.00 260.00  1
  1  790 440.00  0.00 800.00 260.00  0
  2  626 350.00  0.00 800.00 104.00  1
  3  771 430.00  0.00 800.00 156.00  0
  4  716 400.00  0.00 800.00 104.00  0
  5  608 340.00  0.00 800.00 104.00  1
  6  734 410.00  0.00 800.00 104.00  0
  7  734 430.00  0.00 800.00 52.00  1
  8  734 430.00  0.00 800.00 156.00  0
  9  734 430.00  0.00 800.00 52.00  0
 10  625 350.00  0.00 800.00 52.00  1
 11  626 350.00  0.00 800.00 104.00  0
 12  643 360.00  0.00 800.00 52.00  1
 13  644 360.00  0.00 800.00 104.00  0
 14  662 370.00  0.00 800.00 104.00  0
 15  679 380.00  0.00 800.00 52.00  1
 16  662 370.00  0.00 800.00 156.00  0
 17  662 350.00  0.00 800.00 52.00  1
 18  662 380.00  0.00 800.00 156.00  0
 19  662 370.00  0.00 800.00 52.00  1
 20  644 360.00  0.00 800.00 104.00  0
 21  662 390.00  0.00 800.00 156.00  0
 22  715 400.00  0.00 800.00 52.00  1
 23  662 350.00  0.00 800.00 52.00  1
 24  662 390.00  0.00 800.00 156.00  0
 25  662 380.00  0.00 800.00 52.00  1
 26  644 360.00  0.00 800.00 104.00  0
 27  662 370.00  0.00 800.00 52.00  1
 28  662 390.00  0.00 800.00 52.00  1
 29  662 380.00  0.00 800.00 52.00  1
 30  644 360.00  0.00 800.00 104.00  0
 31  644 350.00  0.00 800.00 52.00  1
 32  644 350.00  0.00 800.00 156.00  0
 33  644 370.00  0.00 800.00 52.00  1
 34  644 370.00  0.00 800.00 52.00  1
 35  644 360.00  0.00 800.00 52.00  1
 36  644 380.00  0.00 800.00 52.00  1
 37  644 370.00  0.00 800.00 156.00  0
 38  644 380.00  0.00 800.00 52.00  1
 39  644 370.00  0.00 800.00 52.00  1
 40  644 370.00  0.00 800.00 52.00  1
 41  644 340.00  0.00 800.00 52.00  1
