trialNum matrixIndex leftValue leftTime rightValue rightTime choice
  0  601 340.00  0.00 800.00  8.60  1
  1  647 360.00  0.00 800.00 520.00  0
  2  769 430.00  0.00 800.00 52.00  1
  3  681 380.00  0.00 800.00 156.00  0
  4  716 400.00  0.00 800.00 104.00  0
  5  626 350.00  0.00 800.00 104.00  0
  6  751 420.00  0.00 800.00 52.00  0
  7  625 350.00  0.00 800.00 52.00  1
  8  769 430.00  0.00 800.00 52.00  0
  9  625 340.00  0.00 800.00 26.00  1
 10  625 330.00  0.00 800.00 26.00  1
 11  643 360.00  0.00 800.00 52.00  0
 12  643 380.00  0.00 800.00 26.00  1
 13  643 350.00  0.00 800.00 104.00  0
 14  643 380.00  0.00 800.00 26.00  1
 15  643 340.00  0.00 800.00 26.00  1
 16  661 370.00  0.00 800.00 52.00  1
 17  643 360.00  0.00 800.00 26.00  1
 18  643 340.00  0.00 800.00 26.00  1
 19  643 350.00  0.00 800.00 104.00  0
 20  643 360.00  0.00 800.00 104.00  0
 21  643 350.00  0.00 800.00 26.00  1
 22  643 360.00  0.00 800.00 104.00  0
 23  643 340.00  0.00 800.00 104.00  0
 24  643 370.00  0.00 800.00 104.00  0
 25  643 370.00  0.00 800.00 26.00  1
 26  643 360.00  0.00 800.00 26.00  1
 27  643 350.00  0.00 800.00 26.00  1
 28  643 350.00  0.00 800.00 26.00  1
 29  643 340.00  0.00 800.00 104.00  0
 30  643 340.00  0.00 800.00 26.00  1
 31  643 350.00  0.00 800.00 104.00  0
 32  643 340.00  0.00 800.00 26.00  1
 33  643 370.00  0.00 800.00 26.00  1
 34  643 380.00  0.00 800.00 26.00  1
 35  643 370.00  0.00 800.00 26.00  1
 36  643 340.00  0.00 800.00 104.00  0
 37  643 360.00  0.00 800.00 26.00  1
 38  643 350.00  0.00 800.00 104.00  0
 39  643 370.00  0.00 800.00 104.00  0
 40  643 360.00  0.00 800.00 26.00  1
 41  643 350.00  0.00 800.00 104.00  0
