trialNum matrixIndex leftValue leftTime rightValue rightTime choice
  0  333 190.00  0.00 800.00 12.90  1
  1  790 440.00  0.00 800.00 260.00  1
  2 1097 610.00  0.00 800.00 520.00  1
  3 1259 700.00  0.00 800.00 520.00  1
  4 1313 730.00  0.00 800.00 520.00  0
  5 1295 720.00  0.00 800.00 520.00  0
  6 1259 700.00  0.00 800.00 520.00  0
  7 1205 670.00  0.00 800.00 520.00  1
  8 1277 710.00  0.00 800.00 520.00  1
  9 1259 700.00  0.00 800.00 520.00  0
 10 1169 650.00  0.00 800.00 520.00  1
 11 1277 710.00  0.00 800.00 520.00  0
 12 1277 730.00  0.00 800.00 260.00  0
 13 1169 650.00  0.00 800.00 520.00  1
 14 1331 740.00  0.00 800.00 520.00  0
 15 1169 660.00  0.00 800.00 260.00  1
 16 1295 720.00  0.00 800.00 520.00  0
 17 1187 660.00  0.00 800.00 520.00  1
 18 1295 740.00  0.00 800.00 260.00  0
 19 1187 680.00  0.00 800.00 260.00  1
 20 1187 650.00  0.00 800.00 260.00  1
 21 1187 640.00  0.00 800.00 260.00  1
 22 1187 640.00  0.00 800.00 260.00  1
 23 1187 670.00  0.00 800.00 260.00  1
 24 1187 640.00  0.00 800.00 260.00  1
 25 1295 720.00  0.00 800.00 520.00  0
 26 1187 640.00  0.00 800.00 260.00  1
 27 1205 670.00  0.00 800.00 520.00  1
 28 1295 720.00  0.00 800.00 520.00  0
 29 1205 690.00  0.00 800.00 260.00  1
 30 1295 710.00  0.00 800.00 260.00  0
 31 1187 660.00  0.00 800.00 520.00  1
 32 1187 640.00  0.00 800.00 260.00  1
 33 1187 650.00  0.00 800.00 260.00  1
 34 1187 640.00  0.00 800.00 260.00  1
 35 1187 670.00  0.00 800.00 260.00  1
 36 1187 660.00  0.00 800.00 260.00  1
 37 1187 660.00  0.00 800.00 260.00  1
 38 1187 660.00  0.00 800.00 260.00  1
 39 1187 670.00  0.00 800.00 260.00  1
 40 1187 670.00  0.00 800.00 260.00  1
 41 1187 680.00  0.00 800.00 260.00  1
