trialNum matrixIndex leftValue leftTime rightValue rightTime choice
  0  185 110.00  0.00 800.00  4.30  1
  1  700 390.00  0.00 800.00 260.00  0
  2  661 370.00  0.00 800.00 52.00  1
  3  716 400.00  0.00 800.00 104.00  1
  4  771 430.00  0.00 800.00 156.00  0
  5  681 380.00  0.00 800.00 156.00  1
  6  789 440.00  0.00 800.00 156.00  0
  7  663 370.00  0.00 800.00 156.00  1
  8  789 420.00  0.00 800.00 104.00  1
  9  771 430.00  0.00 800.00 156.00  1
 10  789 450.00  0.00 800.00 104.00  1
 11  789 440.00  0.00 800.00 260.00  0
 12  771 430.00  0.00 800.00 156.00  1
 13  771 420.00  0.00 800.00 104.00  1
 14  771 410.00  0.00 800.00 104.00  1
 15  771 430.00  0.00 800.00 104.00  1
 16  771 420.00  0.00 800.00 260.00  0
 17  771 450.00  0.00 800.00 104.00  1
 18  771 450.00  0.00 800.00 260.00  0
 19  771 420.00  0.00 800.00 104.00  1
 20  771 430.00  0.00 800.00 104.00  1
 21  771 410.00  0.00 800.00 104.00  1
 22  771 450.00  0.00 800.00 260.00  0
 23  771 420.00  0.00 800.00 104.00  1
 24  771 430.00  0.00 800.00 104.00  1
 25  771 430.00  0.00 800.00 104.00  1
 26  771 430.00  0.00 800.00 260.00  0
 27  771 450.00  0.00 800.00 104.00  1
 28  771 430.00  0.00 800.00 260.00  0
 29  771 450.00  0.00 800.00 104.00  1
 30  771 450.00  0.00 800.00 260.00  0
 31  771 420.00  0.00 800.00 104.00  1
 32  771 440.00  0.00 800.00 104.00  1
 33  771 420.00  0.00 800.00 104.00  1
 34  771 420.00  0.00 800.00 260.00  0
 35  771 410.00  0.00 800.00 260.00  0
 36  771 410.00  0.00 800.00 260.00  0
 37  771 450.00  0.00 800.00 260.00  1
 38  735 410.00  0.00 800.00 156.00  1
 39  754 420.00  0.00 800.00 260.00  0
 40  717 400.00  0.00 800.00 156.00  1
 41  736 410.00  0.00 800.00 260.00  0
