trialNum matrixIndex leftValue leftTime rightValue rightTime choice
  0  387 220.00  0.00 800.00 12.90  1
  1  647 360.00  0.00 800.00 520.00  0
  2  769 430.00  0.00 800.00 52.00  1
  3  771 430.00  0.00 800.00 156.00  0
  4  716 400.00  0.00 800.00 104.00  0
  5  626 350.00  0.00 800.00 104.00  0
  6  751 420.00  0.00 800.00 52.00  1
  7  626 330.00  0.00 800.00 52.00  1
  8  626 360.00  0.00 800.00 52.00  1
  9  626 360.00  0.00 800.00 156.00  0
 10  626 330.00  0.00 800.00 52.00  1
 11  626 360.00  0.00 800.00 156.00  0
 12  626 330.00  0.00 800.00 52.00  1
 13  626 360.00  0.00 800.00 156.00  0
 14  626 360.00  0.00 800.00 156.00  0
 15  626 370.00  0.00 800.00 156.00  0
 16  626 360.00  0.00 800.00 52.00  1
 17  626 360.00  0.00 800.00 156.00  0
 18  626 340.00  0.00 800.00 52.00  1
 19  626 370.00  0.00 800.00 156.00  0
 20  626 330.00  0.00 800.00 52.00  1
 21  626 350.00  0.00 800.00 52.00  1
 22  626 340.00  0.00 800.00 156.00  0
 23  626 370.00  0.00 800.00 156.00  0
 24  626 360.00  0.00 800.00 156.00  0
 25  626 340.00  0.00 800.00 156.00  0
 26  626 360.00  0.00 800.00 52.00  0
 27  769 430.00  0.00 800.00 52.00  1
 28  751 420.00  0.00 800.00 52.00  1
 29  751 410.00  0.00 800.00 104.00  0
 30  751 420.00  0.00 800.00 26.00  1
 31  733 410.00  0.00 800.00 52.00  1
 32  733 400.00  0.00 800.00 104.00  0
 33  733 400.00  0.00 800.00 26.00  1
 34  733 390.00  0.00 800.00 104.00  0
 35  733 400.00  0.00 800.00 104.00  0
 36  733 420.00  0.00 800.00 104.00  0
 37  733 410.00  0.00 800.00 26.00  1
 38  733 410.00  0.00 800.00 26.00  1
 39  733 420.00  0.00 800.00 26.00  1
 40  733 400.00  0.00 800.00 26.00  1
 41  733 400.00  0.00 800.00 104.00  0
