trialNum matrixIndex leftValue leftTime rightValue rightTime choice
  0  222 130.00  0.00 800.00  6.44  1
  1  790 440.00  0.00 800.00 260.00  0
  2  679 380.00  0.00 800.00 52.00  0
  3  766 430.00  0.00 800.00 17.20  1
  4  804 450.00  0.00 800.00 26.00  1
  5  679 380.00  0.00 800.00 52.00  1
  6  590 330.00  0.00 800.00 104.00  0
  7  661 370.00  0.00 800.00 52.00  1
  8  805 450.00  0.00 800.00 52.00  0
  9  643 360.00  0.00 800.00 52.00  1
 10  787 440.00  0.00 800.00 52.00  0
 11  643 370.00  0.00 800.00 26.00  1
 12  661 370.00  0.00 800.00 52.00  1
 13  661 390.00  0.00 800.00 104.00  0
 14  661 390.00  0.00 800.00 26.00  1
 15  787 440.00  0.00 800.00 52.00  0
 16  661 360.00  0.00 800.00 104.00  0
 17  661 360.00  0.00 800.00 104.00  0
 18  661 390.00  0.00 800.00 104.00  0
 19  661 390.00  0.00 800.00 26.00  1
 20  661 370.00  0.00 800.00 26.00  1
 21  661 360.00  0.00 800.00 104.00  0
 22  661 360.00  0.00 800.00 104.00  0
 23  661 360.00  0.00 800.00 26.00  1
 24  661 350.00  0.00 800.00 104.00  0
 25  661 350.00  0.00 800.00 104.00  1
 26  805 450.00  0.00 800.00 52.00  0
 27  625 350.00  0.00 800.00 52.00  1
 28  625 330.00  0.00 800.00 104.00  0
 29  607 340.00  0.00 800.00 52.00  1
 30  625 350.00  0.00 800.00 104.00  0
 31  805 450.00  0.00 800.00 52.00  0
 32  625 330.00  0.00 800.00 104.00  0
 33  625 340.00  0.00 800.00 26.00  1
 34  625 340.00  0.00 800.00 104.00  0
 35  625 350.00  0.00 800.00 104.00  0
 36  625 330.00  0.00 800.00 26.00  1
 37  625 350.00  0.00 800.00 104.00  0
 38  625 360.00  0.00 800.00 104.00  0
 39  625 340.00  0.00 800.00 26.00  1
 40  625 350.00  0.00 800.00 104.00  0
 41  625 360.00  0.00 800.00 104.00  0
