trialNum matrixIndex leftValue leftTime rightValue rightTime choice
  0  889 500.00  0.00 800.00  8.60  1
  1  647 360.00  0.00 800.00 520.00  0
  2  626 350.00  0.00 800.00 104.00  0
  3  804 450.00  0.00 800.00 26.00  0
  4  695 390.00  0.00 800.00 21.50  1
  5  714 400.00  0.00 800.00 26.00  0
  6  677 380.00  0.00 800.00 21.50  1
  7  732 410.00  0.00 800.00 26.00  0
  8  677 370.00  0.00 800.00 17.20  1
  9  785 440.00  0.00 800.00 21.50  1
 10  732 410.00  0.00 800.00 26.00  0
 11  732 430.00  0.00 800.00 52.00  0
 12  732 420.00  0.00 800.00 52.00  0
 13  732 390.00  0.00 800.00 52.00  0
 14  732 430.00  0.00 800.00 52.00  0
 15  732 430.00  0.00 800.00 21.50  1
 16  732 430.00  0.00 800.00 52.00  0
 17  732 410.00  0.00 800.00 52.00  0
 18  732 420.00  0.00 800.00 21.50  1
 19  732 420.00  0.00 800.00 52.00  0
 20  714 400.00  0.00 800.00 26.00  0
 21  732 430.00  0.00 800.00 21.50  1
 22  732 400.00  0.00 800.00 52.00  0
 23  732 410.00  0.00 800.00 21.50  1
 24  714 400.00  0.00 800.00 26.00  0
 25  732 390.00  0.00 800.00 52.00  0
 26  732 430.00  0.00 800.00 52.00  0
 27  732 430.00  0.00 800.00 52.00  0
 28  732 430.00  0.00 800.00 21.50  1
 29  732 390.00  0.00 800.00 52.00  0
 30  732 430.00  0.00 800.00 21.50  1
 31  714 400.00  0.00 800.00 26.00  0
 32  732 420.00  0.00 800.00 21.50  1
 33  714 380.00  0.00 800.00 21.50  1
 34  714 420.00  0.00 800.00 21.50  1
 35  714 410.00  0.00 800.00 52.00  0
 36  714 420.00  0.00 800.00 21.50  1
 37  714 400.00  0.00 800.00 21.50  1
 38  714 420.00  0.00 800.00 21.50  1
 39  696 390.00  0.00 800.00 26.00  0
 40  714 380.00  0.00 800.00 52.00  0
 41  714 410.00  0.00 800.00 21.50  1
