trialNum matrixIndex leftValue leftTime rightValue rightTime choice
  0  500 280.00  0.00 800.00 104.00  1
  1  845 470.00  0.00 800.00 520.00  0
  2  682 380.00  0.00 800.00 260.00  0
  3  716 400.00  0.00 800.00 104.00  1
  4  681 380.00  0.00 800.00 156.00  1
  5  771 430.00  0.00 800.00 156.00  1
  6  700 390.00  0.00 800.00 260.00  0
  7  771 440.00  0.00 800.00 260.00  0
  8  771 410.00  0.00 800.00 260.00  0
  9  771 410.00  0.00 800.00 104.00  1
 10  771 430.00  0.00 800.00 104.00  1
 11  771 420.00  0.00 800.00 104.00  1
 12  771 420.00  0.00 800.00 104.00  1
 13  771 420.00  0.00 800.00 260.00  0
 14  771 440.00  0.00 800.00 104.00  1
 15  771 420.00  0.00 800.00 104.00  1
 16  771 450.00  0.00 800.00 260.00  0
 17  771 440.00  0.00 800.00 260.00  0
 18  771 410.00  0.00 800.00 104.00  1
 19  771 450.00  0.00 800.00 104.00  1
 20  771 420.00  0.00 800.00 104.00  1
 21  771 420.00  0.00 800.00 104.00  1
 22  771 440.00  0.00 800.00 260.00  0
 23  771 430.00  0.00 800.00 260.00  0
 24  771 450.00  0.00 800.00 260.00  0
 25  771 450.00  0.00 800.00 104.00  1
 26  771 420.00  0.00 800.00 104.00  1
 27  771 410.00  0.00 800.00 260.00  0
 28  771 430.00  0.00 800.00 104.00  1
 29  771 430.00  0.00 800.00 104.00  1
 30  771 430.00  0.00 800.00 104.00  1
 31  771 420.00  0.00 800.00 104.00  1
 32  771 410.00  0.00 800.00 104.00  1
 33  771 450.00  0.00 800.00 104.00  1
 34  771 440.00  0.00 800.00 260.00  0
 35  771 440.00  0.00 800.00 104.00  1
 36  771 430.00  0.00 800.00 104.00  1
 37  771 410.00  0.00 800.00 104.00  1
 38  771 410.00  0.00 800.00 260.00  0
 39  771 440.00  0.00 800.00 104.00  1
 40  771 410.00  0.00 800.00 104.00  1
 41  771 440.00  0.00 800.00 260.00  0
