trialNum matrixIndex leftValue leftTime rightValue rightTime choice
  0  279 160.00  0.00 800.00 12.90  1
  1  790 440.00  0.00 800.00 260.00  0
  2  769 430.00  0.00 800.00 52.00  1
  3  681 380.00  0.00 800.00 156.00  0
  4  716 400.00  0.00 800.00 104.00  0
  5  626 350.00  0.00 800.00 104.00  0
  6  751 420.00  0.00 800.00 52.00  1
  7  626 350.00  0.00 800.00 52.00  1
  8  626 340.00  0.00 800.00 52.00  1
  9  626 330.00  0.00 800.00 52.00  1
 10  626 350.00  0.00 800.00 52.00  1
 11  626 340.00  0.00 800.00 52.00  1
 12  626 370.00  0.00 800.00 156.00  0
 13  626 360.00  0.00 800.00 156.00  0
 14  626 350.00  0.00 800.00 52.00  1
 15  626 370.00  0.00 800.00 52.00  1
 16  626 350.00  0.00 800.00 52.00  1
 17  626 360.00  0.00 800.00 156.00  0
 18  626 330.00  0.00 800.00 52.00  1
 19  626 340.00  0.00 800.00 52.00  1
 20  626 370.00  0.00 800.00 52.00  1
 21  626 350.00  0.00 800.00 52.00  1
 22  626 330.00  0.00 800.00 156.00  0
 23  626 330.00  0.00 800.00 156.00  0
 24  626 350.00  0.00 800.00 52.00  1
 25  626 350.00  0.00 800.00 52.00  1
 26  626 340.00  0.00 800.00 52.00  1
 27  626 340.00  0.00 800.00 52.00  1
 28  626 370.00  0.00 800.00 52.00  1
 29  626 350.00  0.00 800.00 52.00  1
 30  626 360.00  0.00 800.00 156.00  0
 31  626 340.00  0.00 800.00 156.00  0
 32  626 350.00  0.00 800.00 156.00  0
 33  626 370.00  0.00 800.00 52.00  1
 34  626 350.00  0.00 800.00 52.00  1
 35  626 350.00  0.00 800.00 52.00  1
 36  626 330.00  0.00 800.00 156.00  0
 37  626 370.00  0.00 800.00 156.00  0
 38  626 370.00  0.00 800.00 156.00  0
 39  626 370.00  0.00 800.00 52.00  1
 40  626 370.00  0.00 800.00 52.00  1
 41  626 360.00  0.00 800.00 52.00  1
