trialNum matrixIndex leftValue leftTime rightValue rightTime choice
  0  239 140.00  0.00 800.00  4.30  1
  1  647 360.00  0.00 800.00 520.00  0
  2  769 430.00  0.00 800.00 52.00  1
  3  771 430.00  0.00 800.00 156.00  0
  4  716 400.00  0.00 800.00 104.00  0
  5  626 350.00  0.00 800.00 104.00  0
  6  751 420.00  0.00 800.00 52.00  1
  7  626 330.00  0.00 800.00 52.00  1
  8  626 360.00  0.00 800.00 52.00  1
  9  626 350.00  0.00 800.00 156.00  0
 10  626 340.00  0.00 800.00 156.00  0
 11  626 360.00  0.00 800.00 156.00  1
 12  572 320.00  0.00 800.00 104.00  0
 13  589 330.00  0.00 800.00 52.00  1
 14  625 350.00  0.00 800.00 52.00  1
 15  644 360.00  0.00 800.00 104.00  0
 16  662 370.00  0.00 800.00 104.00  0
 17  661 370.00  0.00 800.00 52.00  1
 18  679 380.00  0.00 800.00 52.00  1
 19  680 380.00  0.00 800.00 104.00  0
 20  680 370.00  0.00 800.00 156.00  0
 21  680 370.00  0.00 800.00 156.00  0
 22  715 400.00  0.00 800.00 52.00  1
 23  662 370.00  0.00 800.00 104.00  0
 24  680 380.00  0.00 800.00 104.00  0
 25  715 400.00  0.00 800.00 52.00  1
 26  715 380.00  0.00 800.00 26.00  1
 27  715 390.00  0.00 800.00 104.00  0
 28  715 410.00  0.00 800.00 104.00  0
 29  715 390.00  0.00 800.00 104.00  0
 30  715 380.00  0.00 800.00 104.00  0
 31  715 420.00  0.00 800.00 26.00  1
 32  715 390.00  0.00 800.00 104.00  0
 33  715 400.00  0.00 800.00 104.00  0
 34  715 390.00  0.00 800.00 26.00  1
 35  715 420.00  0.00 800.00 26.00  1
 36  715 410.00  0.00 800.00 26.00  1
 37  715 390.00  0.00 800.00 26.00  1
 38  715 390.00  0.00 800.00 104.00  0
 39  715 410.00  0.00 800.00 104.00  0
 40  715 420.00  0.00 800.00 26.00  1
 41  715 390.00  0.00 800.00 104.00  0
