trialNum matrixIndex leftValue leftTime rightValue rightTime choice
  0  271 160.00  0.00 800.00  0.71  1
  1  647 360.00  0.00 800.00 520.00  0
  2  769 430.00  0.00 800.00 52.00  1
  3  681 380.00  0.00 800.00 156.00  0
  4  716 400.00  0.00 800.00 104.00  1
  5  681 390.00  0.00 800.00 104.00  1
  6  681 380.00  0.00 800.00 260.00  0
  7  681 360.00  0.00 800.00 260.00  0
  8  681 390.00  0.00 800.00 104.00  1
  9  681 360.00  0.00 800.00 260.00  0
 10  681 400.00  0.00 800.00 104.00  1
 11  681 360.00  0.00 800.00 104.00  1
 12  681 390.00  0.00 800.00 260.00  0
 13  681 390.00  0.00 800.00 260.00  0
 14  681 400.00  0.00 800.00 260.00  0
 15  681 390.00  0.00 800.00 104.00  1
 16  681 390.00  0.00 800.00 104.00  1
 17  681 370.00  0.00 800.00 104.00  1
 18  681 390.00  0.00 800.00 260.00  0
 19  681 370.00  0.00 800.00 104.00  1
 20  681 380.00  0.00 800.00 104.00  1
 21  681 400.00  0.00 800.00 104.00  1
 22  681 390.00  0.00 800.00 104.00  1
 23  681 360.00  0.00 800.00 104.00  1
 24  681 400.00  0.00 800.00 260.00  0
 25  681 390.00  0.00 800.00 260.00  0
 26  681 380.00  0.00 800.00 260.00  0
 27  681 370.00  0.00 800.00 260.00  0
 28  681 360.00  0.00 800.00 104.00  1
 29  681 360.00  0.00 800.00 260.00  0
 30  681 380.00  0.00 800.00 104.00  1
 31  681 370.00  0.00 800.00 104.00  1
 32  681 370.00  0.00 800.00 104.00  1
 33  681 370.00  0.00 800.00 104.00  1
 34  681 360.00  0.00 800.00 104.00  1
 35  681 400.00  0.00 800.00 260.00  0
 36  681 370.00  0.00 800.00 260.00  0
 37  681 400.00  0.00 800.00 104.00  1
 38  681 370.00  0.00 800.00 260.00  0
 39  681 400.00  0.00 800.00 260.00  0
 40  681 390.00  0.00 800.00 104.00  1
 41  681 360.00  0.00 800.00 260.00  0
