trialNum matrixIndex leftValue leftTime rightValue rightTime choice
  0  408 230.00  0.00 800.00 26.00  1
  1  790 440.00  0.00 800.00 260.00  0
  2  769 430.00  0.00 800.00 52.00  1
  3  681 380.00  0.00 800.00 156.00  0
  4  626 350.00  0.00 800.00 104.00  0
  5  751 420.00  0.00 800.00 52.00  1
  6  626 350.00  0.00 800.00 52.00  1
  7  626 340.00  0.00 800.00 156.00  0
  8  626 330.00  0.00 800.00 156.00  0
  9  626 370.00  0.00 800.00 52.00  1
 10  626 350.00  0.00 800.00 156.00  0
 11  626 340.00  0.00 800.00 52.00  1
 12  626 350.00  0.00 800.00 156.00  0
 13  626 350.00  0.00 800.00 52.00  1
 14  626 350.00  0.00 800.00 156.00  0
 15  626 330.00  0.00 800.00 52.00  1
 16  626 330.00  0.00 800.00 156.00  0
 17  626 340.00  0.00 800.00 156.00  0
 18  626 350.00  0.00 800.00 156.00  0
 19  626 360.00  0.00 800.00 156.00  0
 20  626 360.00  0.00 800.00 156.00  0
 21  626 330.00  0.00 800.00 156.00  0
 22  626 340.00  0.00 800.00 52.00  1
 23  626 370.00  0.00 800.00 156.00  0
 24  626 350.00  0.00 800.00 52.00  1
 25  626 330.00  0.00 800.00 52.00  1
 26  626 350.00  0.00 800.00 156.00  0
 27  626 340.00  0.00 800.00 52.00  1
 28  626 350.00  0.00 800.00 156.00  0
 29  626 360.00  0.00 800.00 52.00  1
 30  626 360.00  0.00 800.00 156.00  0
 31  626 350.00  0.00 800.00 156.00  0
 32  626 330.00  0.00 800.00 52.00  1
 33  626 370.00  0.00 800.00 156.00  0
 34  626 360.00  0.00 800.00 52.00  1
 35  626 330.00  0.00 800.00 52.00  1
 36  626 340.00  0.00 800.00 52.00  0
 37  769 430.00  0.00 800.00 52.00  1
 38  751 420.00  0.00 800.00 52.00  1
 39  751 430.00  0.00 800.00 104.00  0
 40  733 410.00  0.00 800.00 52.00  1
 41  733 390.00  0.00 800.00 104.00  1
