trialNum matrixIndex leftValue leftTime rightValue rightTime choice
  0  300 170.00  0.00 800.00 26.00  1
  1  790 440.00  0.00 800.00 260.00  0
  2  769 430.00  0.00 800.00 52.00  0
  3  714 400.00  0.00 800.00 26.00  1
  4  822 460.00  0.00 800.00 26.00  1
  5  661 370.00  0.00 800.00 52.00  0
  6  679 380.00  0.00 800.00 52.00  0
  7  804 450.00  0.00 800.00 26.00  1
  8  679 390.00  0.00 800.00 26.00  1
  9  804 430.00  0.00 800.00 21.50  1
 10  679 380.00  0.00 800.00 104.00  0
 11  571 320.00  0.00 800.00 52.00  0
 12  804 450.00  0.00 800.00 26.00  1
 13  804 450.00  0.00 800.00 52.00  0
 14  804 450.00  0.00 800.00 52.00  0
 15  804 470.00  0.00 800.00 52.00  0
 16  804 470.00  0.00 800.00 52.00  0
 17  804 430.00  0.00 800.00 21.50  1
 18  804 440.00  0.00 800.00 52.00  0
 19  804 450.00  0.00 800.00 21.50  1
 20  804 440.00  0.00 800.00 21.50  1
 21  804 450.00  0.00 800.00 52.00  0
 22  804 430.00  0.00 800.00 52.00  0
 23  804 450.00  0.00 800.00 52.00  0
 24  804 470.00  0.00 800.00 52.00  0
 25  804 450.00  0.00 800.00 52.00  0
 26  804 430.00  0.00 800.00 21.50  1
 27  804 440.00  0.00 800.00 52.00  0
 28  804 470.00  0.00 800.00 52.00  0
 29  804 470.00  0.00 800.00 52.00  0
 30  804 440.00  0.00 800.00 52.00  0
 31  804 450.00  0.00 800.00 21.50  1
 32  804 450.00  0.00 800.00 52.00  0
 33  804 470.00  0.00 800.00 52.00  0
 34  804 440.00  0.00 800.00 21.50  1
 35  804 450.00  0.00 800.00 21.50  1
 36  571 320.00  0.00 800.00 52.00  1
 37  571 310.00  0.00 800.00 26.00  1
 38  571 310.00  0.00 800.00 26.00  1
 39  912 510.00  0.00 800.00 26.00  1
 40  679 380.00  0.00 800.00 52.00  1
 41  679 390.00  0.00 800.00 26.00  1
