trialNum matrixIndex leftValue leftTime rightValue rightTime choice
  0  841 470.00  0.00 800.00 52.00  0
  1  714 400.00  0.00 800.00 26.00  0
  2  765 430.00  0.00 800.00 12.90  1
  3  766 430.00  0.00 800.00 17.20  1
  4  732 410.00  0.00 800.00 26.00  0
  5  677 380.00  0.00 800.00 21.50  1
  6  677 380.00  0.00 800.00 17.20  1
  7  732 410.00  0.00 800.00 26.00  1
  8  732 390.00  0.00 800.00 21.50  1
  9  732 420.00  0.00 800.00 21.50  1
 10  714 400.00  0.00 800.00 26.00  0
 11  732 390.00  0.00 800.00 21.50  1
 12  732 390.00  0.00 800.00 21.50  1
 13  732 430.00  0.00 800.00 21.50  0
 14  750 420.00  0.00 800.00 26.00  0
 15  750 440.00  0.00 800.00 21.50  0
 16  750 420.00  0.00 800.00 21.50  1
 17  750 440.00  0.00 800.00 21.50  1
 18  750 420.00  0.00 800.00 21.50  1
 19  750 430.00  0.00 800.00 21.50  1
 20  732 410.00  0.00 800.00 26.00  1
 21  733 410.00  0.00 800.00 52.00  0
 22  715 400.00  0.00 800.00 52.00  0
 23  696 390.00  0.00 800.00 26.00  1
 24  679 380.00  0.00 800.00 52.00  0
 25  696 400.00  0.00 800.00 21.50  1
 26  696 380.00  0.00 800.00 52.00  0
 27  678 380.00  0.00 800.00 26.00  1
 28  894 500.00  0.00 800.00 26.00  0
 29  678 370.00  0.00 800.00 52.00  0
 30  678 370.00  0.00 800.00 52.00  0
 31  696 390.00  0.00 800.00 26.00  1
 32  678 370.00  0.00 800.00 52.00  0
 33  678 400.00  0.00 800.00 21.50  1
 34  678 370.00  0.00 800.00 52.00  0
 35  678 390.00  0.00 800.00 21.50  1
 36  731 410.00  0.00 800.00 21.50  1
 37  876 490.00  0.00 800.00 26.00  0
 38  731 430.00  0.00 800.00 26.00  1
 39  731 410.00  0.00 800.00 26.00  1
 40  731 420.00  0.00 800.00 17.20  1
 41  678 380.00  0.00 800.00 26.00  1
