trialNum matrixIndex leftValue leftTime rightValue rightTime choice
  0  308 180.00  0.00 800.00  1.00  1
  1  790 440.00  0.00 800.00 260.00  0
  2  769 430.00  0.00 800.00 52.00  1
  3  663 370.00  0.00 800.00 156.00  0
  4  626 350.00  0.00 800.00 104.00  0
  5  751 420.00  0.00 800.00 52.00  1
  6  626 330.00  0.00 800.00 156.00  0
  7  626 360.00  0.00 800.00 156.00  0
  8  626 340.00  0.00 800.00 156.00  0
  9  626 360.00  0.00 800.00 156.00  0
 10  626 350.00  0.00 800.00 156.00  0
 11  626 360.00  0.00 800.00 156.00  0
 12  626 340.00  0.00 800.00 52.00  1
 13  626 350.00  0.00 800.00 156.00  0
 14  626 350.00  0.00 800.00 52.00  1
 15  626 340.00  0.00 800.00 52.00  1
 16  626 360.00  0.00 800.00 52.00  1
 17  626 340.00  0.00 800.00 52.00  1
 18  626 340.00  0.00 800.00 52.00  1
 19  626 340.00  0.00 800.00 156.00  0
 20  626 360.00  0.00 800.00 156.00  0
 21  626 340.00  0.00 800.00 156.00  0
 22  626 330.00  0.00 800.00 52.00  1
 23  626 330.00  0.00 800.00 156.00  0
 24  626 360.00  0.00 800.00 52.00  1
 25  626 350.00  0.00 800.00 156.00  0
 26  626 370.00  0.00 800.00 156.00  0
 27  626 330.00  0.00 800.00 156.00  0
 28  626 350.00  0.00 800.00 52.00  1
 29  626 340.00  0.00 800.00 156.00  0
 30  626 330.00  0.00 800.00 52.00  1
 31  626 340.00  0.00 800.00 156.00  0
 32  626 330.00  0.00 800.00 156.00  0
 33  626 330.00  0.00 800.00 52.00  1
 34  626 360.00  0.00 800.00 156.00  0
 35  626 360.00  0.00 800.00 52.00  1
 36  626 370.00  0.00 800.00 156.00  0
 37  626 370.00  0.00 800.00 52.00  1
 38  626 350.00  0.00 800.00 52.00  1
 39  626 350.00  0.00 800.00 52.00  1
 40  626 350.00  0.00 800.00 52.00  1
 41  626 370.00  0.00 800.00 156.00  0
