trialNum matrixIndex leftValue leftTime rightValue rightTime choice
  0  200 120.00  0.00 800.00  1.00  1
  1  790 440.00  0.00 800.00 260.00  0
  2  769 430.00  0.00 800.00 52.00  1
  3  681 380.00  0.00 800.00 156.00  0
  4  716 400.00  0.00 800.00 104.00  0
  5  626 350.00  0.00 800.00 104.00  0
  6  751 420.00  0.00 800.00 52.00  1
  7  626 360.00  0.00 800.00 52.00  1
  8  626 350.00  0.00 800.00 52.00  1
  9  626 330.00  0.00 800.00 156.00  0
 10  626 330.00  0.00 800.00 52.00  1
 11  626 350.00  0.00 800.00 156.00  0
 12  626 340.00  0.00 800.00 156.00  0
 13  626 350.00  0.00 800.00 156.00  0
 14  626 330.00  0.00 800.00 156.00  0
 15  626 370.00  0.00 800.00 156.00  0
 16  626 350.00  0.00 800.00 156.00  0
 17  626 360.00  0.00 800.00 156.00  0
 18  626 370.00  0.00 800.00 156.00  0
 19  626 360.00  0.00 800.00 52.00  1
 20  626 330.00  0.00 800.00 156.00  0
 21  626 370.00  0.00 800.00 156.00  0
 22  626 370.00  0.00 800.00 156.00  0
 23  626 350.00  0.00 800.00 52.00  1
 24  626 360.00  0.00 800.00 156.00  0
 25  626 340.00  0.00 800.00 52.00  1
 26  626 340.00  0.00 800.00 156.00  0
 27  626 360.00  0.00 800.00 156.00  0
 28  626 350.00  0.00 800.00 156.00  0
 29  626 360.00  0.00 800.00 52.00  1
 30  626 330.00  0.00 800.00 156.00  0
 31  626 370.00  0.00 800.00 52.00  1
 32  626 370.00  0.00 800.00 52.00  1
 33  626 370.00  0.00 800.00 156.00  0
 34  626 360.00  0.00 800.00 52.00  1
 35  626 370.00  0.00 800.00 52.00  1
 36  626 370.00  0.00 800.00 52.00  1
 37  626 370.00  0.00 800.00 52.00  1
 38  626 370.00  0.00 800.00 156.00  0
 39  626 340.00  0.00 800.00 156.00  0
 40  626 340.00  0.00 800.00 156.00  0
 41  626 350.00  0.00 800.00 52.00  1
