trialNum matrixIndex leftValue leftTime rightValue rightTime choice
  0  757 430.00  0.00 800.00  0.71  1
  1  647 360.00  0.00 800.00 520.00  0
  2  769 430.00  0.00 800.00 52.00  0
  3  714 400.00  0.00 800.00 26.00  0
  4  765 430.00  0.00 800.00 12.90  1
  5  766 430.00  0.00 800.00 17.20  0
  6  658 370.00  0.00 800.00 17.20  1
  7  695 390.00  0.00 800.00 21.50  0
  8  658 350.00  0.00 800.00 12.90  1
  9  765 430.00  0.00 800.00 12.90  1
 10  766 430.00  0.00 800.00 17.20  0
 11  766 450.00  0.00 800.00 12.90  1
 12  766 450.00  0.00 800.00 12.90  1
 13  677 380.00  0.00 800.00 21.50  0
 14  677 390.00  0.00 800.00 17.20  1
 15  677 370.00  0.00 800.00 17.20  1
 16  677 360.00  0.00 800.00 17.20  1
 17  855 480.00  0.00 800.00 12.90  1
 18  695 390.00  0.00 800.00 21.50  1
 19  695 370.00  0.00 800.00 17.20  1
 20  695 410.00  0.00 800.00 26.00  0
 21  695 410.00  0.00 800.00 26.00  0
 22  695 380.00  0.00 800.00 17.20  1
 23  695 410.00  0.00 800.00 17.20  0
 24  784 440.00  0.00 800.00 17.20  0
 25  784 420.00  0.00 800.00 21.50  0
 26  695 390.00  0.00 800.00 21.50  0
 27  695 390.00  0.00 800.00 17.20  1
 28  624 350.00  0.00 800.00 26.00  0
 29  624 370.00  0.00 800.00 21.50  0
 30  766 430.00  0.00 800.00 17.20  1
 31  784 440.00  0.00 800.00 17.20  1
 32  802 450.00  0.00 800.00 17.20  1
 33  802 460.00  0.00 800.00 21.50  0
 34  731 410.00  0.00 800.00 21.50  1
 35  695 390.00  0.00 800.00 21.50  1
 36  677 380.00  0.00 800.00 21.50  1
 37  659 370.00  0.00 800.00 21.50  0
 38  695 390.00  0.00 800.00 21.50  0
 39  713 400.00  0.00 800.00 21.50  0
 40  731 410.00  0.00 800.00 21.50  0
 41  731 410.00  0.00 800.00 17.20  0
