trialNum matrixIndex leftValue leftTime rightValue rightTime choice
  0  926 520.00  0.00 800.00 10.80  1
  1  737 410.00  0.00 800.00 520.00  0
  2  716 400.00  0.00 800.00 104.00  0
  3  661 370.00  0.00 800.00 52.00  0
  4  785 440.00  0.00 800.00 21.50  1
  5  822 460.00  0.00 800.00 26.00  0
  6  822 460.00  0.00 800.00 52.00  0
  7  822 450.00  0.00 800.00 52.00  0
  8  822 480.00  0.00 800.00 21.50  0
  9  714 400.00  0.00 800.00 26.00  1
 10  714 400.00  0.00 800.00 21.50  0
 11  714 400.00  0.00 800.00 52.00  0
 12  714 410.00  0.00 800.00 21.50  1
 13  714 380.00  0.00 800.00 21.50  1
 14  714 390.00  0.00 800.00 21.50  1
 15  714 390.00  0.00 800.00 52.00  0
 16  714 380.00  0.00 800.00 52.00  1
 17  534 300.00  0.00 800.00 26.00  1
 18  894 500.00  0.00 800.00 26.00  0
 19  624 350.00  0.00 800.00 26.00  1
 20  894 510.00  0.00 800.00 21.50  0
 21  624 360.00  0.00 800.00 21.50  1
 22  894 520.00  0.00 800.00 21.50  0
 23  660 370.00  0.00 800.00 26.00  1
 24  894 520.00  0.00 800.00 21.50  0
 25  642 360.00  0.00 800.00 26.00  1
 26  642 360.00  0.00 800.00 52.00  0
 27  660 370.00  0.00 800.00 26.00  1
 28  660 380.00  0.00 800.00 52.00  0
 29  660 380.00  0.00 800.00 52.00  0
 30  660 390.00  0.00 800.00 21.50  1
 31  660 370.00  0.00 800.00 52.00  0
 32  660 350.00  0.00 800.00 21.50  1
 33  660 380.00  0.00 800.00 21.50  1
 34  660 390.00  0.00 800.00 52.00  0
 35  660 370.00  0.00 800.00 52.00  0
 36  678 380.00  0.00 800.00 26.00  1
 37  660 370.00  0.00 800.00 21.50  1
 38  660 370.00  0.00 800.00 52.00  0
 39  731 410.00  0.00 800.00 21.50  1
 40  876 490.00  0.00 800.00 26.00  1
 41  876 510.00  0.00 800.00 52.00  0
