trialNum matrixIndex leftValue leftTime rightValue rightTime choice
  0  612 350.00  0.00 800.00  0.43  1
  1  790 440.00  0.00 800.00 260.00  0
  2  769 430.00  0.00 800.00 52.00  0
  3  766 430.00  0.00 800.00 17.20  1
  4  822 460.00  0.00 800.00 26.00  1
  5  661 370.00  0.00 800.00 52.00  1
  6  787 440.00  0.00 800.00 52.00  0
  7  661 390.00  0.00 800.00 26.00  1
  8  661 370.00  0.00 800.00 26.00  1
  9  661 390.00  0.00 800.00 104.00  0
 10  661 360.00  0.00 800.00 104.00  0
 11  661 370.00  0.00 800.00 104.00  0
 12  661 360.00  0.00 800.00 104.00  0
 13  661 390.00  0.00 800.00 26.00  1
 14  661 370.00  0.00 800.00 104.00  0
 15  661 350.00  0.00 800.00 104.00  0
 16  661 360.00  0.00 800.00 104.00  0
 17  661 360.00  0.00 800.00 104.00  0
 18  661 350.00  0.00 800.00 104.00  0
 19  661 350.00  0.00 800.00 104.00  0
 20  661 370.00  0.00 800.00 26.00  1
 21  661 350.00  0.00 800.00 104.00  0
 22  661 360.00  0.00 800.00 26.00  1
 23  661 380.00  0.00 800.00 104.00  0
 24  661 360.00  0.00 800.00 104.00  0
 25  661 350.00  0.00 800.00 26.00  1
 26  661 370.00  0.00 800.00 104.00  0
 27  661 390.00  0.00 800.00 26.00  1
 28  661 360.00  0.00 800.00 26.00  1
 29  661 380.00  0.00 800.00 26.00  1
 30  661 390.00  0.00 800.00 104.00  0
 31  661 390.00  0.00 800.00 104.00  0
 32  661 350.00  0.00 800.00 26.00  1
 33  661 350.00  0.00 800.00 26.00  1
 34  661 350.00  0.00 800.00 104.00  0
 35  661 360.00  0.00 800.00 26.00  1
 36  661 360.00  0.00 800.00 104.00  0
 37  661 350.00  0.00 800.00 26.00  1
 38  661 380.00  0.00 800.00 104.00  0
 39  661 350.00  0.00 800.00 26.00  1
 40  661 380.00  0.00 800.00 104.00  0
 41  661 360.00  0.00 800.00 26.00  1
