trialNum matrixIndex leftValue leftTime rightValue rightTime choice
  0  512 290.00  0.00 800.00 10.80  1
  1  790 440.00  0.00 800.00 260.00  0
  2  769 430.00  0.00 800.00 52.00  1
  3  663 370.00  0.00 800.00 156.00  0
  4  626 350.00  0.00 800.00 104.00  0
  5  751 420.00  0.00 800.00 52.00  0
  6  625 350.00  0.00 800.00 52.00  1
  7  769 430.00  0.00 800.00 52.00  1
  8  751 420.00  0.00 800.00 52.00  1
  9  680 380.00  0.00 800.00 104.00  0
 10  733 410.00  0.00 800.00 52.00  1
 11  662 370.00  0.00 800.00 104.00  0
 12  733 410.00  0.00 800.00 26.00  1
 13  733 400.00  0.00 800.00 26.00  1
 14  751 420.00  0.00 800.00 52.00  1
 15  644 360.00  0.00 800.00 104.00  0
 16  751 420.00  0.00 800.00 104.00  0
 17  751 430.00  0.00 800.00 104.00  0
 18  751 400.00  0.00 800.00 26.00  1
 19  751 410.00  0.00 800.00 104.00  0
 20  751 410.00  0.00 800.00 104.00  0
 21  751 430.00  0.00 800.00 26.00  1
 22  751 410.00  0.00 800.00 104.00  0
 23  751 410.00  0.00 800.00 104.00  0
 24  751 420.00  0.00 800.00 104.00  0
 25  751 430.00  0.00 800.00 104.00  0
 26  751 420.00  0.00 800.00 26.00  1
 27  751 420.00  0.00 800.00 104.00  0
 28  751 420.00  0.00 800.00 104.00  0
 29  751 430.00  0.00 800.00 104.00  0
 30  751 440.00  0.00 800.00 104.00  0
 31  751 420.00  0.00 800.00 26.00  1
 32  751 410.00  0.00 800.00 26.00  1
 33  751 400.00  0.00 800.00 26.00  1
 34  751 400.00  0.00 800.00 26.00  1
 35  751 430.00  0.00 800.00 26.00  1
 36  751 400.00  0.00 800.00 26.00  1
 37  751 430.00  0.00 800.00 26.00  1
 38  751 430.00  0.00 800.00 26.00  1
 39  751 440.00  0.00 800.00 26.00  1
 40  751 420.00  0.00 800.00 104.00  0
 41  751 440.00  0.00 800.00 26.00  1
