trialNum matrixIndex leftValue leftTime rightValue rightTime choice
  0  672 380.00  0.00 800.00  6.44  1
  1  790 440.00  0.00 800.00 260.00  1
  2 1097 610.00  0.00 800.00 520.00  1
  3 1259 700.00  0.00 800.00 520.00  0
  4 1169 650.00  0.00 800.00 520.00  0
  5 1169 640.00  0.00 800.00 260.00  1
  6 1169 670.00  0.00 800.00 260.00  1
  7 1169 640.00  0.00 800.00 260.00  1
  8 1169 660.00  0.00 800.00 260.00  1
  9 1169 670.00  0.00 800.00 260.00  1
 10 1169 660.00  0.00 800.00 260.00  1
 11 1169 640.00  0.00 800.00 260.00  1
 12 1169 640.00  0.00 800.00 260.00  1
 13 1169 630.00  0.00 800.00 260.00  1
 14 1169 630.00  0.00 800.00 260.00  1
 15 1169 630.00  0.00 800.00 260.00  1
 16 1169 640.00  0.00 800.00 260.00  1
 17 1169 650.00  0.00 800.00 260.00  1
 18 1169 630.00  0.00 800.00 260.00  1
 19 1169 640.00  0.00 800.00 260.00  1
 20 1169 660.00  0.00 800.00 260.00  1
 21 1169 640.00  0.00 800.00 260.00  1
 22 1169 650.00  0.00 800.00 260.00  1
 23 1169 660.00  0.00 800.00 260.00  1
 24 1169 660.00  0.00 800.00 260.00  1
 25 1169 650.00  0.00 800.00 260.00  1
 26 1169 670.00  0.00 800.00 260.00  1
 27 1169 650.00  0.00 800.00 260.00  1
 28 1169 660.00  0.00 800.00 260.00  1
 29 1169 640.00  0.00 800.00 260.00  1
 30 1169 670.00  0.00 800.00 260.00  1
 31 1169 650.00  0.00 800.00 260.00  1
 32 1169 640.00  0.00 800.00 260.00  1
 33 1169 640.00  0.00 800.00 260.00  1
 34 1169 660.00  0.00 800.00 260.00  1
 35 1169 650.00  0.00 800.00 260.00  1
 36 1169 630.00  0.00 800.00 260.00  1
 37 1169 660.00  0.00 800.00 260.00  1
 38 1169 670.00  0.00 800.00 260.00  1
 39 1169 640.00  0.00 800.00 260.00  1
 40 1169 650.00  0.00 800.00 260.00  1
 41 1169 640.00  0.00 800.00 260.00  1
