trialNum matrixIndex leftValue leftTime rightValue rightTime choice
  0  511 290.00  0.00 800.00  8.60  1
  1  682 380.00  0.00 800.00 260.00  0
  2  661 370.00  0.00 800.00 52.00  0
  3  766 430.00  0.00 800.00 17.20  1
  4  785 440.00  0.00 800.00 21.50  1
  5  822 460.00  0.00 800.00 26.00  1
  6  679 380.00  0.00 800.00 52.00  0
  7  804 450.00  0.00 800.00 26.00  0
  8  822 460.00  0.00 800.00 26.00  0
  9  840 470.00  0.00 800.00 26.00  0
 10  678 380.00  0.00 800.00 26.00  1
 11  840 450.00  0.00 800.00 52.00  0
 12  840 490.00  0.00 800.00 52.00  0
 13  840 470.00  0.00 800.00 21.50  0
 14  678 380.00  0.00 800.00 26.00  1
 15  696 390.00  0.00 800.00 26.00  0
 16  678 390.00  0.00 800.00 52.00  0
 17  678 370.00  0.00 800.00 21.50  1
 18  678 370.00  0.00 800.00 52.00  0
 19  678 370.00  0.00 800.00 52.00  0
 20  696 390.00  0.00 800.00 26.00  0
 21  696 370.00  0.00 800.00 52.00  0
 22  696 410.00  0.00 800.00 52.00  0
 23  696 370.00  0.00 800.00 21.50  0
 24  605 340.00  0.00 800.00 21.50  1
 25  587 330.00  0.00 800.00 21.50  1
 26  732 410.00  0.00 800.00 26.00  0
 27  768 430.00  0.00 800.00 26.00  0
 28  569 320.00  0.00 800.00 21.50  1
 29  587 330.00  0.00 800.00 21.50  1
 30  768 430.00  0.00 800.00 26.00  0
 31  786 440.00  0.00 800.00 26.00  0
 32  786 420.00  0.00 800.00 21.50  0
 33  605 340.00  0.00 800.00 21.50  1
 34  605 340.00  0.00 800.00 26.00  1
 35  786 440.00  0.00 800.00 26.00  0
 36  605 340.00  0.00 800.00 17.20  1
 37  605 360.00  0.00 800.00 26.00  1
 38  786 440.00  0.00 800.00 26.00  0
 39  786 420.00  0.00 800.00 52.00  0
 40  786 460.00  0.00 800.00 21.50  0
 41  694 390.00  0.00 800.00 17.20  1
