trialNum matrixIndex leftValue leftTime rightValue rightTime choice
  0  829 470.00  0.00 800.00  0.71  1
  1  790 440.00  0.00 800.00 260.00  0
  2  769 430.00  0.00 800.00 52.00  0
  3  714 400.00  0.00 800.00 26.00  1
  4  661 370.00  0.00 800.00 52.00  1
  5  787 440.00  0.00 800.00 52.00  0
  6  661 370.00  0.00 800.00 104.00  0
  7  661 360.00  0.00 800.00 104.00  0
  8  661 360.00  0.00 800.00 104.00  0
  9  661 390.00  0.00 800.00 104.00  0
 10  661 390.00  0.00 800.00 26.00  1
 11  661 360.00  0.00 800.00 104.00  0
 12  661 350.00  0.00 800.00 26.00  1
 13  661 380.00  0.00 800.00 104.00  0
 14  661 380.00  0.00 800.00 104.00  0
 15  661 350.00  0.00 800.00 104.00  0
 16  661 350.00  0.00 800.00 26.00  1
 17  661 370.00  0.00 800.00 26.00  1
 18  661 370.00  0.00 800.00 104.00  0
 19  661 350.00  0.00 800.00 104.00  0
 20  661 350.00  0.00 800.00 104.00  0
 21  661 350.00  0.00 800.00 26.00  1
 22  661 380.00  0.00 800.00 104.00  0
 23  661 380.00  0.00 800.00 26.00  1
 24  661 370.00  0.00 800.00 104.00  0
 25  661 380.00  0.00 800.00 104.00  0
 26  661 350.00  0.00 800.00 26.00  1
 27  661 380.00  0.00 800.00 104.00  0
 28  661 380.00  0.00 800.00 104.00  0
 29  661 390.00  0.00 800.00 104.00  0
 30  661 370.00  0.00 800.00 104.00  0
 31  661 360.00  0.00 800.00 26.00  1
 32  661 390.00  0.00 800.00 26.00  1
 33  661 360.00  0.00 800.00 104.00  0
 34  661 390.00  0.00 800.00 26.00  1
 35  661 390.00  0.00 800.00 26.00  1
 36  661 370.00  0.00 800.00 104.00  0
 37  661 390.00  0.00 800.00 26.00  1
 38  661 380.00  0.00 800.00 104.00  0
 39  661 350.00  0.00 800.00 104.00  0
 40  661 360.00  0.00 800.00 26.00  1
 41  661 390.00  0.00 800.00 26.00  1
