trialNum matrixIndex leftValue leftTime rightValue rightTime choice
  0   78  50.00  0.00 800.00  6.44  1
  1  790 440.00  0.00 800.00 260.00  0
  2  769 430.00  0.00 800.00 52.00  1
  3  681 380.00  0.00 800.00 156.00  0
  4  716 400.00  0.00 800.00 104.00  0
  5  626 350.00  0.00 800.00 104.00  1
  6  608 340.00  0.00 800.00 104.00  1
  7  734 410.00  0.00 800.00 104.00  0
  8  608 340.00  0.00 800.00 52.00  1
  9  716 400.00  0.00 800.00 104.00  0
 10  859 480.00  0.00 800.00 52.00  0
 11  608 340.00  0.00 800.00 104.00  1
 12  608 360.00  0.00 800.00 156.00  0
 13  608 340.00  0.00 800.00 156.00  0
 14  608 330.00  0.00 800.00 156.00  0
 15  608 350.00  0.00 800.00 156.00  0
 16  608 320.00  0.00 800.00 156.00  0
 17  608 330.00  0.00 800.00 52.00  1
 18  608 330.00  0.00 800.00 52.00  1
 19  608 320.00  0.00 800.00 52.00  1
 20  608 350.00  0.00 800.00 52.00  1
 21  608 320.00  0.00 800.00 52.00  1
 22  608 340.00  0.00 800.00 156.00  0
 23  608 330.00  0.00 800.00 52.00  1
 24  608 360.00  0.00 800.00 156.00  0
 25  608 350.00  0.00 800.00 52.00  1
 26  608 320.00  0.00 800.00 52.00  1
 27  608 340.00  0.00 800.00 52.00  1
 28  608 320.00  0.00 800.00 156.00  0
 29  608 340.00  0.00 800.00 156.00  0
 30  608 360.00  0.00 800.00 156.00  0
 31  608 320.00  0.00 800.00 156.00  0
 32  608 320.00  0.00 800.00 156.00  0
 33  608 330.00  0.00 800.00 156.00  0
 34  608 330.00  0.00 800.00 52.00  1
 35  608 340.00  0.00 800.00 156.00  0
 36  608 340.00  0.00 800.00 156.00  0
 37  608 330.00  0.00 800.00 156.00  1
 38  590 330.00  0.00 800.00 104.00  0
 39  608 340.00  0.00 800.00 52.00  1
 40  608 330.00  0.00 800.00 156.00  0
 41  608 350.00  0.00 800.00 156.00  0
