trialNum matrixIndex leftValue leftTime rightValue rightTime choice
  0  380 220.00  0.00 800.00  1.00  1
  1  647 360.00  0.00 800.00 520.00  0
  2  769 430.00  0.00 800.00 52.00  0
  3  714 400.00  0.00 800.00 26.00  0
  4  765 430.00  0.00 800.00 12.90  1
  5  766 430.00  0.00 800.00 17.20  1
  6  732 410.00  0.00 800.00 26.00  0
  7  677 380.00  0.00 800.00 21.50  0
  8  766 430.00  0.00 800.00 17.20  1
  9  677 380.00  0.00 800.00 26.00  1
 10  804 450.00  0.00 800.00 26.00  0
 11  712 400.00  0.00 800.00 17.20  1
 12  768 430.00  0.00 800.00 26.00  0
 13  641 360.00  0.00 800.00 21.50  0
 14  622 350.00  0.00 800.00 17.20  1
 15  641 350.00  0.00 800.00 26.00  0
 16  659 370.00  0.00 800.00 21.50  0
 17  585 330.00  0.00 800.00 12.90  1
 18  731 410.00  0.00 800.00 21.50  1
 19  460 260.00  0.00 800.00 17.20  1
 20  586 330.00  0.00 800.00 17.20  1
 21  659 370.00  0.00 800.00 21.50  0
 22  749 420.00  0.00 800.00 21.50  0
 23  731 410.00  0.00 800.00 21.50  0
 24  767 430.00  0.00 800.00 21.50  0
 25  749 420.00  0.00 800.00 21.50  0
 26  767 450.00  0.00 800.00 26.00  0
 27  749 410.00  0.00 800.00 17.20  0
 28  639 360.00  0.00 800.00 12.90  1
 29  657 370.00  0.00 800.00 12.90  1
 30  767 430.00  0.00 800.00 21.50  0
 31  675 380.00  0.00 800.00 12.90  1
 32  767 410.00  0.00 800.00 26.00  0
 33  767 450.00  0.00 800.00 17.20  1
 34  767 420.00  0.00 800.00 17.20  1
 35  731 410.00  0.00 800.00 21.50  0
 36  749 420.00  0.00 800.00 21.50  0
 37  749 430.00  0.00 800.00 17.20  1
 38  731 410.00  0.00 800.00 21.50  0
 39  749 410.00  0.00 800.00 26.00  0
 40  749 440.00  0.00 800.00 17.20  0
 41  767 430.00  0.00 800.00 21.50  0
