trialNum matrixIndex leftValue leftTime rightValue rightTime choice
  0  694 390.00  0.00 800.00 17.20  1
  1  647 360.00  0.00 800.00 520.00  0
  2  626 350.00  0.00 800.00 104.00  1
  3  771 430.00  0.00 800.00 156.00  1
  4  700 390.00  0.00 800.00 260.00  0
  5  700 400.00  0.00 800.00 520.00  0
  6  700 380.00  0.00 800.00 520.00  0
  7  771 430.00  0.00 800.00 156.00  1
  8  700 380.00  0.00 800.00 156.00  0
  9  573 320.00  0.00 800.00 156.00  1
 10  771 430.00  0.00 800.00 156.00  1
 11  772 430.00  0.00 800.00 260.00  0
 12  735 410.00  0.00 800.00 156.00  0
 13  537 300.00  0.00 800.00 156.00  1
 14  789 440.00  0.00 800.00 156.00  1
 15  826 460.00  0.00 800.00 260.00  0
 16  753 420.00  0.00 800.00 156.00  1
 17  808 450.00  0.00 800.00 260.00  0
 18  717 400.00  0.00 800.00 156.00  1
 19  699 390.00  0.00 800.00 156.00  1
 20  772 430.00  0.00 800.00 260.00  0
 21  717 400.00  0.00 800.00 156.00  1
 22  772 440.00  0.00 800.00 156.00  1
 23  772 430.00  0.00 800.00 156.00  1
 24  754 420.00  0.00 800.00 260.00  0
 25  754 440.00  0.00 800.00 520.00  0
 26  754 420.00  0.00 800.00 520.00  0
 27  754 410.00  0.00 800.00 520.00  0
 28  754 420.00  0.00 800.00 520.00  0
 29  754 440.00  0.00 800.00 520.00  0
 30  754 410.00  0.00 800.00 520.00  0
 31  736 410.00  0.00 800.00 260.00  0
 32  754 410.00  0.00 800.00 156.00  1
 33  754 410.00  0.00 800.00 520.00  0
 34  754 410.00  0.00 800.00 520.00  0
 35  736 410.00  0.00 800.00 260.00  0
 36  717 400.00  0.00 800.00 156.00  0
 37  699 390.00  0.00 800.00 156.00  1
 38  699 410.00  0.00 800.00 260.00  0
 39  699 380.00  0.00 800.00 260.00  0
 40  717 400.00  0.00 800.00 156.00  1
 41  699 370.00  0.00 800.00 104.00  1
