trialNum matrixIndex leftValue leftTime rightValue rightTime choice
  0  932 520.00  0.00 800.00 104.00  0
  1  661 370.00  0.00 800.00 52.00  1
  2  716 400.00  0.00 800.00 104.00  0
  3  769 430.00  0.00 800.00 52.00  0
  4  661 370.00  0.00 800.00 52.00  1
  5  769 420.00  0.00 800.00 26.00  1
  6  769 420.00  0.00 800.00 104.00  0
  7  769 440.00  0.00 800.00 104.00  0
  8  769 420.00  0.00 800.00 26.00  1
  9  769 410.00  0.00 800.00 26.00  1
 10  769 420.00  0.00 800.00 104.00  0
 11  769 450.00  0.00 800.00 26.00  1
 12  769 420.00  0.00 800.00 26.00  1
 13  769 410.00  0.00 800.00 26.00  1
 14  769 440.00  0.00 800.00 26.00  1
 15  769 420.00  0.00 800.00 26.00  1
 16  769 420.00  0.00 800.00 104.00  0
 17  769 450.00  0.00 800.00 26.00  1
 18  769 450.00  0.00 800.00 26.00  1
 19  769 410.00  0.00 800.00 26.00  1
 20  769 450.00  0.00 800.00 26.00  1
 21  769 440.00  0.00 800.00 104.00  0
 22  769 420.00  0.00 800.00 104.00  0
 23  769 450.00  0.00 800.00 104.00  0
 24  769 430.00  0.00 800.00 104.00  0
 25  769 430.00  0.00 800.00 26.00  1
 26  769 420.00  0.00 800.00 104.00  0
 27  769 430.00  0.00 800.00 26.00  1
 28  769 410.00  0.00 800.00 104.00  0
 29  769 410.00  0.00 800.00 104.00  0
 30  769 440.00  0.00 800.00 104.00  0
 31  769 450.00  0.00 800.00 26.00  1
 32  769 410.00  0.00 800.00 26.00  1
 33  769 420.00  0.00 800.00 26.00  1
 34  769 410.00  0.00 800.00 26.00  1
 35  769 420.00  0.00 800.00 26.00  1
 36  769 450.00  0.00 800.00 26.00  1
 37  769 440.00  0.00 800.00 26.00  1
 38  769 430.00  0.00 800.00 26.00  1
 39  769 420.00  0.00 800.00 104.00  0
 40  769 430.00  0.00 800.00 26.00  1
 41  769 450.00  0.00 800.00 104.00  0
