trialNum matrixIndex leftValue leftTime rightValue rightTime choice
  0 1049 590.00  0.00 800.00  4.30  1
  1  629 350.00  0.00 800.00 520.00  1
  2 1097 610.00  0.00 800.00 520.00  1
  3 1277 710.00  0.00 800.00 520.00  1
  4 1313 730.00  0.00 800.00 520.00  1
  5 1331 740.00  0.00 800.00 520.00  1
  6 1331 720.00  0.00 800.00 260.00  1
  7 1349 750.00  0.00 800.00 520.00  0
  8 1331 740.00  0.00 800.00 260.00  1
  9 1331 720.00  0.00 800.00 260.00  1
 10 1331 750.00  0.00 800.00 260.00  1
 11 1331 740.00  0.00 800.00 260.00  1
 12 1331 740.00  0.00 800.00 260.00  1
 13 1331 720.00  0.00 800.00 260.00  1
 14 1331 760.00  0.00 800.00 260.00  1
 15 1349 750.00  0.00 800.00 520.00  0
 16 1331 750.00  0.00 800.00 260.00  1
 17 1331 750.00  0.00 800.00 260.00  1
 18 1331 740.00  0.00 800.00 260.00  1
 19 1331 730.00  0.00 800.00 260.00  1
 20 1331 730.00  0.00 800.00 260.00  1
 21 1331 740.00  0.00 800.00 260.00  1
 22 1331 720.00  0.00 800.00 260.00  1
 23 1331 720.00  0.00 800.00 260.00  1
 24 1331 720.00  0.00 800.00 260.00  1
 25 1331 720.00  0.00 800.00 260.00  1
 26 1331 730.00  0.00 800.00 260.00  1
 27 1331 730.00  0.00 800.00 260.00  1
 28 1331 740.00  0.00 800.00 260.00  1
 29 1331 730.00  0.00 800.00 260.00  1
 30 1331 730.00  0.00 800.00 260.00  1
 31 1331 750.00  0.00 800.00 260.00  1
 32 1331 720.00  0.00 800.00 260.00  1
 33 1331 740.00  0.00 800.00 260.00  1
 34 1331 760.00  0.00 800.00 260.00  0
 35 1331 740.00  0.00 800.00 260.00  1
 36 1331 720.00  0.00 800.00 260.00  1
 37 1331 740.00  0.00 800.00 260.00  1
 38 1331 760.00  0.00 800.00 260.00  1
 39 1331 730.00  0.00 800.00 260.00  1
 40 1331 740.00  0.00 800.00 260.00  1
 41 1331 720.00  0.00 800.00 260.00  1
