trialNum matrixIndex leftValue leftTime rightValue rightTime choice
  0  675 380.00  0.00 800.00 12.90  1
  1  647 360.00  0.00 800.00 520.00  0
  2  608 340.00  0.00 800.00 104.00  1
  3  771 430.00  0.00 800.00 156.00  0
  4  716 400.00  0.00 800.00 104.00  1
  5  681 380.00  0.00 800.00 156.00  1
  6  789 440.00  0.00 800.00 156.00  0
  7  663 370.00  0.00 800.00 156.00  1
  8  789 450.00  0.00 800.00 260.00  0
  9  789 430.00  0.00 800.00 104.00  1
 10  789 460.00  0.00 800.00 104.00  0
 11  663 370.00  0.00 800.00 156.00  0
 12  663 360.00  0.00 800.00 104.00  1
 13  663 360.00  0.00 800.00 260.00  0
 14  663 360.00  0.00 800.00 260.00  0
 15  663 360.00  0.00 800.00 260.00  0
 16  663 380.00  0.00 800.00 104.00  1
 17  663 380.00  0.00 800.00 104.00  0
 18  717 400.00  0.00 800.00 156.00  0
 19  717 400.00  0.00 800.00 104.00  0
 20  608 340.00  0.00 800.00 104.00  1
 21  626 350.00  0.00 800.00 104.00  1
 22  626 370.00  0.00 800.00 52.00  1
 23  626 370.00  0.00 800.00 156.00  0
 24  644 360.00  0.00 800.00 104.00  1
 25  753 420.00  0.00 800.00 156.00  0
 26  644 360.00  0.00 800.00 52.00  1
 27  644 370.00  0.00 800.00 52.00  1
 28  644 380.00  0.00 800.00 156.00  0
 29  644 350.00  0.00 800.00 52.00  1
 30  662 370.00  0.00 800.00 104.00  1
 31  662 390.00  0.00 800.00 156.00  0
 32  662 380.00  0.00 800.00 52.00  1
 33  662 380.00  0.00 800.00 156.00  0
 34  662 360.00  0.00 800.00 52.00  1
 35  662 370.00  0.00 800.00 156.00  0
 36  662 370.00  0.00 800.00 156.00  0
 37  662 380.00  0.00 800.00 52.00  1
 38  662 370.00  0.00 800.00 52.00  1
 39  662 370.00  0.00 800.00 156.00  0
 40  680 380.00  0.00 800.00 104.00  1
 41  680 390.00  0.00 800.00 156.00  1
