trialNum matrixIndex leftValue leftTime rightValue rightTime choice
  0  556 310.00  0.00 800.00 260.00  1
  1 1007 560.00  0.00 800.00 520.00  1
  2 1223 680.00  0.00 800.00 520.00  1
  3 1313 730.00  0.00 800.00 520.00  1
  4 1331 740.00  0.00 800.00 520.00  1
  5 1331 750.00  0.00 800.00 260.00  1
  6 1331 760.00  0.00 800.00 260.00  1
  7 1349 750.00  0.00 800.00 520.00  1
  8 1349 770.00  0.00 800.00 260.00  1
  9 1349 730.00  0.00 800.00 260.00  1
 10 1349 740.00  0.00 800.00 260.00  1
 11 1349 750.00  0.00 800.00 260.00  1
 12 1349 760.00  0.00 800.00 260.00  1
 13 1349 740.00  0.00 800.00 260.00  1
 14 1349 730.00  0.00 800.00 260.00  1
 15 1349 770.00  0.00 800.00 260.00  1
 16 1349 740.00  0.00 800.00 260.00  1
 17 1349 750.00  0.00 800.00 260.00  1
 18 1349 770.00  0.00 800.00 260.00  1
 19 1349 770.00  0.00 800.00 260.00  1
 20 1349 740.00  0.00 800.00 260.00  1
 21 1349 760.00  0.00 800.00 260.00  1
 22 1349 750.00  0.00 800.00 260.00  1
 23 1349 770.00  0.00 800.00 260.00  1
 24 1349 760.00  0.00 800.00 260.00  1
 25 1349 730.00  0.00 800.00 260.00  1
 26 1349 770.00  0.00 800.00 260.00  1
 27 1349 740.00  0.00 800.00 260.00  1
 28 1349 750.00  0.00 800.00 260.00  1
 29 1349 750.00  0.00 800.00 260.00  1
 30 1349 730.00  0.00 800.00 260.00  1
 31 1349 770.00  0.00 800.00 260.00  1
 32 1349 760.00  0.00 800.00 260.00  1
 33 1349 730.00  0.00 800.00 260.00  1
 34 1349 740.00  0.00 800.00 260.00  1
 35 1349 730.00  0.00 800.00 260.00  1
 36 1349 740.00  0.00 800.00 260.00  1
 37 1349 730.00  0.00 800.00 260.00  1
 38 1349 730.00  0.00 800.00 260.00  1
 39 1349 760.00  0.00 800.00 260.00  1
 40 1349 770.00  0.00 800.00 260.00  1
 41 1349 760.00  0.00 800.00 260.00  1
