trialNum matrixIndex leftValue leftTime rightValue rightTime choice
  0  189 110.00  0.00 800.00 12.90  1
  1  682 380.00  0.00 800.00 260.00  0
  2  679 380.00  0.00 800.00 52.00  1
  3  716 400.00  0.00 800.00 104.00  0
  4  608 340.00  0.00 800.00 104.00  0
  5  769 430.00  0.00 800.00 52.00  1
  6  751 420.00  0.00 800.00 52.00  1
  7  626 350.00  0.00 800.00 104.00  0
  8  751 430.00  0.00 800.00 104.00  0
  9  769 430.00  0.00 800.00 52.00  1
 10  626 350.00  0.00 800.00 104.00  0
 11  769 430.00  0.00 800.00 104.00  0
 12  769 420.00  0.00 800.00 104.00  0
 13  769 420.00  0.00 800.00 26.00  1
 14  769 420.00  0.00 800.00 104.00  0
 15  859 480.00  0.00 800.00 52.00  1
 16  626 350.00  0.00 800.00 104.00  0
 17  626 340.00  0.00 800.00 52.00  1
 18  626 330.00  0.00 800.00 52.00  1
 19  626 340.00  0.00 800.00 52.00  1
 20  626 340.00  0.00 800.00 52.00  1
 21  626 370.00  0.00 800.00 156.00  0
 22  626 330.00  0.00 800.00 156.00  0
 23  626 370.00  0.00 800.00 156.00  0
 24  626 370.00  0.00 800.00 52.00  1
 25  626 370.00  0.00 800.00 156.00  0
 26  626 370.00  0.00 800.00 52.00  1
 27  626 340.00  0.00 800.00 156.00  0
 28  626 370.00  0.00 800.00 52.00  1
 29  626 350.00  0.00 800.00 52.00  1
 30  626 330.00  0.00 800.00 156.00  0
 31  483 270.00  0.00 800.00 156.00  1
 32  644 360.00  0.00 800.00 104.00  0
 33  877 490.00  0.00 800.00 52.00  1
 34  644 340.00  0.00 800.00 156.00  0
 35  644 380.00  0.00 800.00 52.00  1
 36  644 350.00  0.00 800.00 52.00  1
 37  644 380.00  0.00 800.00 52.00  1
 38  644 350.00  0.00 800.00 156.00  0
 39  644 370.00  0.00 800.00 52.00  1
 40  644 370.00  0.00 800.00 52.00  1
 41  644 350.00  0.00 800.00 52.00  1
