trialNum matrixIndex leftValue leftTime rightValue rightTime choice
  0   80  50.00  0.00 800.00 10.80  1
  1  790 440.00  0.00 800.00 260.00  0
  2  769 430.00  0.00 800.00 52.00  0
  3  714 400.00  0.00 800.00 26.00  1
  4  661 370.00  0.00 800.00 52.00  1
  5  769 430.00  0.00 800.00 52.00  0
  6  661 390.00  0.00 800.00 104.00  0
  7  661 370.00  0.00 800.00 104.00  0
  8  661 350.00  0.00 800.00 104.00  0
  9  661 390.00  0.00 800.00 26.00  1
 10  661 370.00  0.00 800.00 104.00  0
 11  661 390.00  0.00 800.00 26.00  1
 12  661 380.00  0.00 800.00 26.00  1
 13  661 360.00  0.00 800.00 104.00  0
 14  661 360.00  0.00 800.00 104.00  0
 15  661 350.00  0.00 800.00 26.00  1
 16  661 370.00  0.00 800.00 104.00  0
 17  661 350.00  0.00 800.00 26.00  1
 18  661 350.00  0.00 800.00 104.00  0
 19  661 360.00  0.00 800.00 104.00  0
 20  661 390.00  0.00 800.00 104.00  0
 21  661 360.00  0.00 800.00 26.00  1
 22  661 360.00  0.00 800.00 26.00  1
 23  661 350.00  0.00 800.00 26.00  1
 24  661 390.00  0.00 800.00 26.00  1
 25  661 390.00  0.00 800.00 104.00  0
 26  661 390.00  0.00 800.00 26.00  1
 27  661 350.00  0.00 800.00 104.00  0
 28  661 380.00  0.00 800.00 104.00  0
 29  661 390.00  0.00 800.00 26.00  1
 30  661 380.00  0.00 800.00 104.00  0
 31  661 380.00  0.00 800.00 104.00  0
 32  661 350.00  0.00 800.00 26.00  1
 33  661 380.00  0.00 800.00 26.00  1
 34  661 350.00  0.00 800.00 26.00  1
 35  661 380.00  0.00 800.00 26.00  1
 36  661 360.00  0.00 800.00 104.00  0
 37  661 370.00  0.00 800.00 104.00  0
 38  661 390.00  0.00 800.00 104.00  0
 39  661 370.00  0.00 800.00 26.00  1
 40  661 380.00  0.00 800.00 104.00  0
 41  661 390.00  0.00 800.00 26.00  1
