trialNum matrixIndex leftValue leftTime rightValue rightTime choice
  0  402 230.00  0.00 800.00  6.44  1
  1  647 360.00  0.00 800.00 520.00  1
  2 1097 610.00  0.00 800.00 520.00  1
  3 1259 700.00  0.00 800.00 520.00  0
  4 1169 650.00  0.00 800.00 520.00  1
  5 1223 680.00  0.00 800.00 520.00  1
  6 1277 710.00  0.00 800.00 520.00  0
  7 1205 670.00  0.00 800.00 520.00  1
  8 1277 700.00  0.00 800.00 260.00  1
  9 1277 700.00  0.00 800.00 260.00  1
 10 1277 700.00  0.00 800.00 260.00  1
 11 1277 730.00  0.00 800.00 260.00  1
 12 1277 700.00  0.00 800.00 260.00  1
 13 1277 700.00  0.00 800.00 260.00  1
 14 1277 700.00  0.00 800.00 260.00  1
 15 1277 710.00  0.00 800.00 260.00  1
 16 1277 690.00  0.00 800.00 260.00  1
 17 1277 720.00  0.00 800.00 260.00  0
 18 1295 720.00  0.00 800.00 520.00  0
 19 1205 670.00  0.00 800.00 520.00  1
 20 1277 710.00  0.00 800.00 520.00  0
 21 1277 710.00  0.00 800.00 260.00  1
 22 1277 730.00  0.00 800.00 260.00  0
 23 1205 670.00  0.00 800.00 520.00  1
 24 1205 670.00  0.00 800.00 260.00  1
 25 1295 720.00  0.00 800.00 520.00  0
 26 1205 660.00  0.00 800.00 260.00  1
 27 1205 670.00  0.00 800.00 260.00  1
 28 1205 680.00  0.00 800.00 260.00  1
 29 1205 660.00  0.00 800.00 260.00  1
 30 1205 690.00  0.00 800.00 260.00  1
 31 1205 690.00  0.00 800.00 260.00  1
 32 1205 670.00  0.00 800.00 260.00  1
 33 1205 680.00  0.00 800.00 260.00  1
 34 1205 680.00  0.00 800.00 260.00  1
 35 1205 650.00  0.00 800.00 260.00  1
 36 1205 660.00  0.00 800.00 260.00  1
 37 1205 680.00  0.00 800.00 260.00  1
 38 1205 660.00  0.00 800.00 260.00  1
 39 1205 660.00  0.00 800.00 260.00  1
 40 1205 670.00  0.00 800.00 260.00  1
 41 1205 650.00  0.00 800.00 260.00  1
