trialNum matrixIndex leftValue leftTime rightValue rightTime choice
  0  675 380.00  0.00 800.00 12.90  1
  1  737 410.00  0.00 800.00 520.00  0
  2  626 350.00  0.00 800.00 104.00  0
  3  804 450.00  0.00 800.00 26.00  1
  4  679 380.00  0.00 800.00 52.00  1
  5  769 430.00  0.00 800.00 52.00  1
  6  626 350.00  0.00 800.00 104.00  0
  7  751 420.00  0.00 800.00 52.00  1
  8  626 360.00  0.00 800.00 52.00  1
  9  626 340.00  0.00 800.00 52.00  1
 10  626 330.00  0.00 800.00 156.00  0
 11  626 370.00  0.00 800.00 156.00  1
 12  878 490.00  0.00 800.00 104.00  0
 13  824 460.00  0.00 800.00 104.00  0
 14  752 420.00  0.00 800.00 104.00  0
 15  608 340.00  0.00 800.00 104.00  0
 16  662 370.00  0.00 800.00 104.00  0
 17  680 380.00  0.00 800.00 104.00  0
 18  679 380.00  0.00 800.00 52.00  1
 19  680 370.00  0.00 800.00 156.00  0
 20  662 370.00  0.00 800.00 104.00  0
 21  697 390.00  0.00 800.00 52.00  1
 22  680 380.00  0.00 800.00 104.00  0
 23  697 400.00  0.00 800.00 26.00  1
 24  697 370.00  0.00 800.00 104.00  0
 25  715 400.00  0.00 800.00 52.00  1
 26  680 380.00  0.00 800.00 104.00  0
 27  715 410.00  0.00 800.00 104.00  0
 28  715 390.00  0.00 800.00 26.00  1
 29  715 420.00  0.00 800.00 26.00  1
 30  715 390.00  0.00 800.00 104.00  0
 31  715 380.00  0.00 800.00 26.00  1
 32  715 410.00  0.00 800.00 104.00  0
 33  715 380.00  0.00 800.00 26.00  1
 34  715 390.00  0.00 800.00 104.00  0
 35  715 410.00  0.00 800.00 26.00  1
 36  715 380.00  0.00 800.00 26.00  1
 37  715 400.00  0.00 800.00 104.00  0
 38  715 380.00  0.00 800.00 26.00  1
 39  715 380.00  0.00 800.00 104.00  0
 40  733 410.00  0.00 800.00 52.00  1
 41  715 400.00  0.00 800.00 104.00  0
