trialNum matrixIndex leftValue leftTime rightValue rightTime choice
  0   67  40.00  0.00 800.00 52.00  1
  1  790 440.00  0.00 800.00 260.00  0
  2  661 370.00  0.00 800.00 52.00  0
  3  766 430.00  0.00 800.00 17.20  1
  4  804 450.00  0.00 800.00 26.00  1
  5  804 460.00  0.00 800.00 21.50  1
  6  679 380.00  0.00 800.00 52.00  0
  7  804 450.00  0.00 800.00 21.50  0
  8  840 470.00  0.00 800.00 26.00  0
  9  642 360.00  0.00 800.00 26.00  1
 10  858 480.00  0.00 800.00 26.00  0
 11  660 370.00  0.00 800.00 26.00  1
 12  840 470.00  0.00 800.00 26.00  1
 13  840 470.00  0.00 800.00 52.00  0
 14  822 460.00  0.00 800.00 26.00  0
 15  858 480.00  0.00 800.00 26.00  1
 16  823 460.00  0.00 800.00 52.00  0
 17  822 460.00  0.00 800.00 26.00  0
 18  858 480.00  0.00 800.00 26.00  1
 19  570 320.00  0.00 800.00 26.00  1
 20  804 450.00  0.00 800.00 26.00  1
 21  750 420.00  0.00 800.00 26.00  0
 22  877 490.00  0.00 800.00 52.00  0
 23  805 450.00  0.00 800.00 52.00  0
 24  840 470.00  0.00 800.00 26.00  1
 25  786 440.00  0.00 800.00 26.00  0
 26  552 310.00  0.00 800.00 26.00  1
 27  876 490.00  0.00 800.00 26.00  0
 28  876 470.00  0.00 800.00 21.50  1
 29  840 470.00  0.00 800.00 26.00  0
 30  894 500.00  0.00 800.00 26.00  0
 31  876 490.00  0.00 800.00 26.00  0
 32  894 490.00  0.00 800.00 52.00  0
 33  876 490.00  0.00 800.00 52.00  0
 34  876 500.00  0.00 800.00 21.50  0
 35  930 520.00  0.00 800.00 26.00  0
 36  894 500.00  0.00 800.00 26.00  0
 37  912 510.00  0.00 800.00 26.00  0
 38  606 340.00  0.00 800.00 26.00  1
 39  894 500.00  0.00 800.00 26.00  0
 40  624 350.00  0.00 800.00 26.00  1
 41  894 490.00  0.00 800.00 21.50  1
