trialNum matrixIndex leftValue leftTime rightValue rightTime choice
  0   59  40.00  0.00 800.00  4.30  1
  1  790 440.00  0.00 800.00 260.00  0
  2  769 430.00  0.00 800.00 52.00  1
  3  681 380.00  0.00 800.00 156.00  1
  4  682 380.00  0.00 800.00 260.00  0
  5  771 430.00  0.00 800.00 156.00  1
  6  771 410.00  0.00 800.00 260.00  0
  7  771 440.00  0.00 800.00 104.00  1
  8  771 420.00  0.00 800.00 104.00  1
  9  771 440.00  0.00 800.00 260.00  0
 10  771 450.00  0.00 800.00 260.00  0
 11  771 410.00  0.00 800.00 260.00  0
 12  771 450.00  0.00 800.00 104.00  1
 13  771 440.00  0.00 800.00 104.00  1
 14  771 430.00  0.00 800.00 260.00  0
 15  771 410.00  0.00 800.00 104.00  1
 16  771 410.00  0.00 800.00 104.00  1
 17  771 440.00  0.00 800.00 260.00  0
 18  771 420.00  0.00 800.00 260.00  0
 19  771 450.00  0.00 800.00 260.00  0
 20  771 420.00  0.00 800.00 260.00  0
 21  771 410.00  0.00 800.00 104.00  1
 22  771 410.00  0.00 800.00 260.00  0
 23  771 420.00  0.00 800.00 260.00  0
 24  771 420.00  0.00 800.00 260.00  0
 25  771 430.00  0.00 800.00 260.00  0
 26  771 410.00  0.00 800.00 260.00  0
 27  771 420.00  0.00 800.00 260.00  0
 28  771 430.00  0.00 800.00 260.00  0
 29  771 440.00  0.00 800.00 104.00  1
 30  771 420.00  0.00 800.00 104.00  1
 31  771 440.00  0.00 800.00 260.00  0
 32  771 420.00  0.00 800.00 104.00  1
 33  771 440.00  0.00 800.00 260.00  0
 34  771 440.00  0.00 800.00 260.00  0
 35  771 440.00  0.00 800.00 260.00  0
 36  771 430.00  0.00 800.00 260.00  0
 37  771 450.00  0.00 800.00 260.00  0
 38  771 420.00  0.00 800.00 260.00  0
 39  771 420.00  0.00 800.00 260.00  0
 40  771 430.00  0.00 800.00 104.00  1
 41  771 430.00  0.00 800.00 260.00  0
