trialNum matrixIndex leftValue leftTime rightValue rightTime choice
  0  386 220.00  0.00 800.00 10.80  1
  1  790 440.00  0.00 800.00 260.00  1
  2 1097 610.00  0.00 800.00 520.00  1
  3 1259 700.00  0.00 800.00 520.00  1
  4 1313 730.00  0.00 800.00 520.00  1
  5 1331 740.00  0.00 800.00 520.00  0
  6 1295 720.00  0.00 800.00 520.00  1
  7 1349 750.00  0.00 800.00 520.00  0
  8 1349 740.00  0.00 800.00 260.00  1
  9 1349 770.00  0.00 800.00 260.00  0
 10 1349 750.00  0.00 800.00 260.00  1
 11 1349 760.00  0.00 800.00 260.00  0
 12 1295 720.00  0.00 800.00 520.00  1
 13 1349 770.00  0.00 800.00 260.00  0
 14 1295 700.00  0.00 800.00 260.00  1
 15 1295 740.00  0.00 800.00 260.00  1
 16 1295 730.00  0.00 800.00 260.00  1
 17 1295 710.00  0.00 800.00 260.00  1
 18 1295 700.00  0.00 800.00 260.00  1
 19 1295 700.00  0.00 800.00 260.00  1
 20 1295 720.00  0.00 800.00 260.00  1
 21 1295 700.00  0.00 800.00 260.00  1
 22 1295 720.00  0.00 800.00 260.00  1
 23 1295 740.00  0.00 800.00 260.00  1
 24 1349 750.00  0.00 800.00 520.00  0
 25 1295 740.00  0.00 800.00 260.00  1
 26 1295 720.00  0.00 800.00 260.00  1
 27 1295 710.00  0.00 800.00 260.00  1
 28 1295 710.00  0.00 800.00 260.00  1
 29 1295 700.00  0.00 800.00 260.00  1
 30 1295 710.00  0.00 800.00 260.00  1
 31 1295 740.00  0.00 800.00 260.00  1
 32 1295 700.00  0.00 800.00 260.00  1
 33 1295 740.00  0.00 800.00 260.00  1
 34 1295 730.00  0.00 800.00 260.00  1
 35 1295 740.00  0.00 800.00 260.00  1
 36 1295 730.00  0.00 800.00 260.00  1
 37 1295 740.00  0.00 800.00 260.00  1
 38 1295 700.00  0.00 800.00 260.00  1
 39 1295 710.00  0.00 800.00 260.00  1
 40 1349 750.00  0.00 800.00 520.00  1
 41 1349 740.00  0.00 800.00 260.00  1
