trialNum matrixIndex leftValue leftTime rightValue rightTime choice
  0  777 440.00  0.00 800.00  2.00  1
  1  790 440.00  0.00 800.00 260.00  0
  2  679 380.00  0.00 800.00 52.00  1
  3  663 370.00  0.00 800.00 156.00  0
  4  626 350.00  0.00 800.00 104.00  0
  5  769 430.00  0.00 800.00 52.00  0
  6  661 370.00  0.00 800.00 52.00  1
  7  769 420.00  0.00 800.00 104.00  0
  8  769 410.00  0.00 800.00 26.00  1
  9  769 420.00  0.00 800.00 104.00  0
 10  769 450.00  0.00 800.00 104.00  0
 11  769 430.00  0.00 800.00 104.00  0
 12  769 440.00  0.00 800.00 104.00  0
 13  769 450.00  0.00 800.00 26.00  1
 14  769 440.00  0.00 800.00 26.00  1
 15  769 450.00  0.00 800.00 104.00  0
 16  769 410.00  0.00 800.00 104.00  0
 17  769 410.00  0.00 800.00 104.00  0
 18  769 450.00  0.00 800.00 104.00  0
 19  769 440.00  0.00 800.00 104.00  0
 20  769 450.00  0.00 800.00 104.00  0
 21  769 420.00  0.00 800.00 104.00  0
 22  769 450.00  0.00 800.00 26.00  1
 23  769 440.00  0.00 800.00 104.00  0
 24  769 440.00  0.00 800.00 104.00  0
 25  769 440.00  0.00 800.00 104.00  0
 26  769 450.00  0.00 800.00 26.00  1
 27  769 450.00  0.00 800.00 26.00  1
 28  769 450.00  0.00 800.00 26.00  1
 29  769 410.00  0.00 800.00 26.00  1
 30  769 420.00  0.00 800.00 104.00  0
 31  769 430.00  0.00 800.00 26.00  1
 32  769 410.00  0.00 800.00 26.00  1
 33  769 410.00  0.00 800.00 26.00  1
 34  769 430.00  0.00 800.00 26.00  1
 35  769 410.00  0.00 800.00 104.00  0
 36  769 450.00  0.00 800.00 104.00  0
 37  769 440.00  0.00 800.00 104.00  0
 38  769 440.00  0.00 800.00 26.00  1
 39  769 410.00  0.00 800.00 26.00  1
 40  769 430.00  0.00 800.00 104.00  0
 41  769 450.00  0.00 800.00 26.00  1
