trialNum matrixIndex leftValue leftTime rightValue rightTime choice
  0  341 190.00  0.00 800.00 520.00  0
  1  822 460.00  0.00 800.00 26.00  1
  2  626 350.00  0.00 800.00 104.00  1
  3  716 400.00  0.00 800.00 104.00  1
  4  681 380.00  0.00 800.00 156.00  1
  5  610 340.00  0.00 800.00 260.00  0
  6  663 370.00  0.00 800.00 156.00  1
  7  789 440.00  0.00 800.00 156.00  0
  8  663 390.00  0.00 800.00 104.00  1
  9  663 350.00  0.00 800.00 104.00  1
 10  663 380.00  0.00 800.00 260.00  0
 11  663 390.00  0.00 800.00 104.00  1
 12  681 380.00  0.00 800.00 156.00  1
 13  771 430.00  0.00 800.00 156.00  1
 14  789 440.00  0.00 800.00 156.00  1
 15  771 420.00  0.00 800.00 260.00  0
 16  771 410.00  0.00 800.00 104.00  1
 17  771 420.00  0.00 800.00 104.00  1
 18  771 410.00  0.00 800.00 260.00  0
 19  771 420.00  0.00 800.00 260.00  0
 20  771 440.00  0.00 800.00 104.00  1
 21  771 420.00  0.00 800.00 104.00  1
 22  771 450.00  0.00 800.00 260.00  0
 23  771 450.00  0.00 800.00 260.00  0
 24  771 440.00  0.00 800.00 260.00  0
 25  771 420.00  0.00 800.00 104.00  1
 26  771 450.00  0.00 800.00 260.00  0
 27  771 420.00  0.00 800.00 104.00  1
 28  771 430.00  0.00 800.00 260.00  0
 29  771 440.00  0.00 800.00 260.00  0
 30  771 410.00  0.00 800.00 104.00  1
 31  771 430.00  0.00 800.00 104.00  1
 32  771 450.00  0.00 800.00 260.00  0
 33  771 440.00  0.00 800.00 260.00  0
 34  771 430.00  0.00 800.00 104.00  1
 35  771 430.00  0.00 800.00 104.00  1
 36  771 430.00  0.00 800.00 104.00  1
 37  771 450.00  0.00 800.00 104.00  1
 38  771 420.00  0.00 800.00 260.00  0
 39  771 420.00  0.00 800.00 260.00  0
 40  771 420.00  0.00 800.00 260.00  0
 41  771 420.00  0.00 800.00 260.00  0
