trialNum matrixIndex leftValue leftTime rightValue rightTime choice
  0  610 340.00  0.00 800.00 260.00  1
  1 1007 560.00  0.00 800.00 520.00  1
  2 1223 680.00  0.00 800.00 520.00  1
  3 1295 720.00  0.00 800.00 520.00  1
  4 1331 740.00  0.00 800.00 520.00  1
  5 1331 740.00  0.00 800.00 260.00  1
  6 1331 750.00  0.00 800.00 260.00  1
  7 1349 750.00  0.00 800.00 520.00  0
  8 1331 720.00  0.00 800.00 260.00  1
  9 1331 730.00  0.00 800.00 260.00  1
 10 1331 740.00  0.00 800.00 260.00  1
 11 1331 730.00  0.00 800.00 260.00  1
 12 1331 750.00  0.00 800.00 260.00  1
 13 1331 760.00  0.00 800.00 260.00  0
 14 1331 720.00  0.00 800.00 260.00  1
 15 1331 750.00  0.00 800.00 260.00  1
 16 1349 750.00  0.00 800.00 520.00  0
 17 1331 750.00  0.00 800.00 260.00  1
 18 1331 750.00  0.00 800.00 260.00  1
 19 1331 740.00  0.00 800.00 260.00  1
 20 1331 740.00  0.00 800.00 260.00  1
 21 1331 720.00  0.00 800.00 260.00  1
 22 1331 760.00  0.00 800.00 260.00  0
 23 1349 750.00  0.00 800.00 520.00  0
 24 1349 730.00  0.00 800.00 260.00  1
 25 1349 730.00  0.00 800.00 260.00  1
 26 1349 760.00  0.00 800.00 260.00  0
 27 1349 760.00  0.00 800.00 260.00  0
 28 1295 720.00  0.00 800.00 520.00  1
 29 1349 730.00  0.00 800.00 260.00  1
 30 1349 760.00  0.00 800.00 260.00  0
 31 1295 720.00  0.00 800.00 520.00  1
 32 1349 740.00  0.00 800.00 260.00  1
 33 1295 700.00  0.00 800.00 260.00  1
 34 1349 740.00  0.00 800.00 260.00  1
 35 1295 740.00  0.00 800.00 260.00  1
 36 1349 760.00  0.00 800.00 260.00  0
 37 1295 740.00  0.00 800.00 260.00  1
 38 1295 720.00  0.00 800.00 260.00  1
 39 1295 710.00  0.00 800.00 260.00  1
 40 1295 720.00  0.00 800.00 260.00  1
 41 1295 720.00  0.00 800.00 260.00  1
